0 0 69.7412 44.2969 -41.5283 0 0 0 69.7412 44.2969 -41.5283 0 -50.7568 75.6738 -50.7568 75.6738 6.61008 
0 0 69.7412 44.2969 -41.5283 0 0 0 69.7412 44.2969 -41.5283 0 -50.7568 75.6738 -50.7568 75.6738 13.4581 
0 0 69.7412 44.2969 -41.5283 0 0 0 69.7412 44.2969 -41.5283 0 -50.7129 75.6738 -50.7129 75.6738 19.7385 
0 0 69.7852 44.2969 -41.5283 0 0 0 69.7852 44.2969 -41.5283 0 -50.7568 75.6738 -50.7568 75.6738 26.4129 
0 0 69.7852 44.2969 -41.5283 0 0 0 69.7852 44.2969 -41.5283 0 -50.7568 75.6738 -50.7568 75.6738 32.6318 
0 0 69.7852 44.2969 -41.5283 0 0 0 69.7852 44.2969 -41.5283 0 -50.7568 75.6738 -50.7568 75.6738 39.3388 
0 0 69.7852 44.2969 -41.5283 0 0 0 69.7852 44.2969 -41.5283 0 -50.7568 75.6738 -50.7568 75.6738 45.6344 
0 0 69.7852 44.2969 -41.5283 0 0 0 69.7852 44.2969 -41.5283 0 -50.7568 75.6738 -50.7568 75.6738 52.3181 
0 0 69.7852 44.3408 -41.5283 0 0 0 69.7852 44.3408 -41.5283 0 -50.7568 75.6738 -50.7568 75.6738 58.6233 
0 0 69.7852 44.3408 -41.5283 0 0 0 69.7852 44.3408 -41.5283 0 -50.7568 75.6738 -50.7568 75.6738 65.3141 
0 0 69.7852 44.2969 -41.5283 0 0 0 69.7852 44.2969 -41.5283 0 -50.7568 75.6738 -50.7568 75.6738 71.6244 
0 0 69.7852 44.2969 -41.5283 0 0 0 69.7852 44.2969 -41.5283 0 -50.7568 75.6738 -50.7568 75.6738 78.3081 
0 0 69.7852 44.2969 -41.5283 0 0 0 69.7852 44.2969 -41.5283 0 -50.7568 75.6738 -50.7568 75.6738 84.6121 
0 0 69.7852 44.2969 -41.5283 0 0 0 69.7852 44.2969 -41.5283 0 -50.7568 75.6738 -50.7568 75.6738 91.3049 
0 0 69.7852 44.2969 -41.5283 0 0 0 69.7852 44.2969 -41.5283 0 -50.7568 75.6738 -50.7568 75.6738 97.6322 
0 0 69.7852 44.2969 -41.5283 0 0 0 69.7852 44.2969 -41.5283 0 -50.7568 75.6299 -50.7568 75.6299 104.303 
0 0 69.8291 44.2969 -41.5283 0 0 0 69.8291 44.2969 -41.5283 0 -50.7568 75.6299 -50.7568 75.6299 110.642 
0 0 69.8291 44.2969 -41.5283 0 0 0 69.8291 44.2969 -41.5283 0 -50.7568 75.6299 -50.7568 75.6299 117.31 
0 0 69.873 44.2969 -41.5283 0 0 0 69.873 44.2969 -41.5283 0 -50.7568 75.6299 -50.7568 75.6299 123.612 
0 0 69.8291 44.2969 -41.5283 0 0 0 69.8291 44.2969 -41.5283 0 -50.7568 75.6738 -50.7568 75.6738 130.296 
0 0 69.8291 44.2969 -41.5283 0 0 0 69.8291 44.2969 -41.5283 0 -50.7568 75.6299 -50.7568 75.6299 136.605 
0 0 69.8291 44.2969 -41.5283 0 0 0 69.8291 44.2969 -41.5283 0 -50.7568 75.6299 -50.7568 75.6299 143.294 
0 0 69.8291 44.2969 -41.5283 0 0 0 69.8291 44.2969 -41.5283 0 -50.7568 75.6738 -50.7568 75.6738 149.601 
0 0 69.7852 44.2969 -41.5283 0 0 0 69.7852 44.2969 -41.5283 0 -50.7568 75.6299 -50.7568 75.6299 156.296 
0 0 69.7852 44.2969 -41.5283 0 0 0 69.7852 44.2969 -41.5283 0 -50.7568 75.6299 -50.7568 75.6299 162.607 
0 0 69.7852 44.2969 -41.5283 0 0 0 69.7852 44.2969 -41.5283 0 -50.7568 75.6738 -50.7568 75.6738 169.287 
0 0 69.7852 44.2969 -41.5283 0 0 0 69.7852 44.2969 -41.5283 0 -50.7568 75.6299 -50.7568 75.6299 175.608 
0 0 69.7412 44.2969 -41.5283 0 0 0 69.7412 44.2969 -41.5283 0 -50.7568 75.6299 -50.7568 75.6299 182.301 
0 0 69.7412 44.2969 -41.5283 0 0 0 69.7412 44.2969 -41.5283 0 -50.7568 75.6738 -50.7568 75.6738 188.595 
0 0 69.7412 44.2969 -41.5283 0 0 0 69.7412 44.2969 -41.5283 0 -50.7129 75.6299 -50.7129 75.6299 195.282 
0 0 69.7412 44.2969 -41.5283 0 0 0 69.7412 44.2969 -41.5283 0 -50.7568 75.6299 -50.7568 75.6299 201.599 
0 0 69.7412 44.2969 -41.5283 0 0 0 69.7412 44.2969 -41.5283 0 -50.7568 75.6299 -50.7568 75.6299 208.272 
0 0 69.7412 44.3408 -41.5283 0 0 0 69.7412 44.3408 -41.5283 0 -50.7568 75.6299 -50.7568 75.6299 214.593 
0 0 69.7412 44.2969 -41.5283 0 0 0 69.7412 44.2969 -41.5283 0 -50.7568 75.6738 -50.7568 75.6738 221.272 
0 0 69.6973 44.3408 -41.5283 0 0 0 69.6973 44.3408 -41.5283 0 -50.7568 75.7178 -50.7568 75.7178 227.6 
0 0 69.6973 44.3408 -41.5283 0 0 0 69.6973 44.3408 -41.5283 0 -50.7568 75.6738 -50.7568 75.6738 234.291 
0 0 69.6533 44.3408 -41.5283 0 0 0 69.6533 44.3408 -41.5283 0 -50.7568 75.6299 -50.7568 75.6299 240.587 
0 0 69.6533 44.3408 -41.5283 0 0 0 69.6533 44.3408 -41.5283 0 -50.7568 75.6738 -50.7568 75.6738 247.266 
0 0 69.6533 44.3408 -41.5283 0 0 0 69.6533 44.3408 -41.5283 0 -50.7568 75.6299 -50.7568 75.6299 253.584 
0 0 69.6533 44.2969 -41.5283 0 0 0 69.6533 44.2969 -41.5283 0 -50.7568 75.6738 -50.7568 75.6738 260.265 
0 0 69.6533 44.2969 -41.5283 0 0 0 69.6533 44.2969 -41.5283 0 -50.7568 75.6738 -50.7568 75.6738 266.585 
0 0 69.6533 44.2969 -41.5283 0 0 0 69.6533 44.2969 -41.5283 0 -50.7568 75.6738 -50.7568 75.6738 273.264 
0 0 69.6533 44.3408 -41.5283 0 0 0 69.6533 44.3408 -41.5283 0 -50.7568 75.6299 -50.7568 75.6299 279.57 
0 0 69.6533 44.2969 -41.5283 0 0 0 69.6533 44.2969 -41.5283 0 -50.7568 75.6299 -50.7568 75.6299 286.261 
0 0 69.6533 44.2969 -41.5283 0 0 0 69.6533 44.2969 -41.5283 0 -50.7568 75.6299 -50.7568 75.6299 292.559 
0 0 69.6533 44.3408 -41.5283 0 0 0 69.6533 44.3408 -41.5283 0 -50.7568 75.6299 -50.7568 75.6299 299.254 
0 0 69.6533 44.2969 -41.5283 0 0 0 69.6533 44.2969 -41.5283 0 -50.7568 75.6299 -50.7568 75.6299 305.552 
0 0 69.6533 44.2969 -41.5283 0 0 0 69.6533 44.2969 -41.5283 0 -50.7568 75.6299 -50.7568 75.6299 312.258 
0 0 69.6533 44.2969 -41.5283 0 0 0 69.6533 44.2969 -41.5283 0 -50.7568 75.6299 -50.7568 75.6299 318.571 
0 0 69.6533 44.2969 -41.5283 0 0 0 69.6533 44.2969 -41.5283 0 -50.7568 75.6299 -50.7568 75.6299 325.25 
0 0 69.6533 44.2969 -41.5283 0 0 0 69.6533 44.2969 -41.5283 0 -50.7568 75.6299 -50.7568 75.6299 331.547 
0 0 69.6533 44.2969 -41.5283 0 0 0 69.6533 44.2969 -41.5283 0 -50.7568 75.5859 -50.7568 75.5859 338.249 
0 0 69.6094 44.2969 -41.5283 0 0 0 69.6094 44.2969 -41.5283 0 -50.7568 75.542 -50.7568 75.542 344.537 
0 0 69.6094 44.2529 -41.5283 0 0 0 69.6094 44.2529 -41.5283 0 -50.7568 75.542 -50.7568 75.542 351.243 
0 0 69.5654 44.2969 -41.5283 0 0 0 69.5654 44.2969 -41.5283 0 -50.7568 75.542 -50.7568 75.542 357.553 
0 0 69.5654 44.2529 -41.5283 0 0 0 69.5654 44.2529 -41.5283 0 -50.7568 75.542 -50.7568 75.542 364.226 
0 0 69.5654 44.2529 -41.5283 0 0 0 69.5654 44.2529 -41.5283 0 -50.7568 75.498 -50.7568 75.498 370.531 
0 0 69.5215 44.2529 -41.5283 0 0 0 69.5215 44.2529 -41.5283 0 -50.7568 75.498 -50.7568 75.498 377.239 
0 0 69.5215 44.2529 -41.5283 0 0 0 69.5215 44.2529 -41.5283 0 -50.7568 75.498 -50.7568 75.498 383.535 
0 0 69.4775 44.2529 -41.5283 0 0 0 69.4775 44.2529 -41.5283 0 -50.7568 75.4541 -50.7568 75.4541 390.243 
0 0 69.4336 44.2529 -41.5283 0 0 0 69.4336 44.2529 -41.5283 0 -50.7568 75.4541 -50.7568 75.4541 396.526 
0 0 69.3896 44.209 -41.5283 0 0 0 69.3896 44.209 -41.5283 0 -50.7568 75.4541 -50.7568 75.4541 403.213 
0 0 69.3457 44.209 -41.5283 0 0 0 69.3457 44.209 -41.5283 0 -50.7568 75.4102 -50.7568 75.4102 409.523 
0 0 69.3018 44.209 -41.5283 0 0 0 69.3018 44.209 -41.5283 0 -50.7129 75.4541 -50.7129 75.4541 416.212 
0 0 69.2139 44.165 -41.5283 0 0 0 69.2139 44.165 -41.5283 0 -50.7568 75.3662 -50.7568 75.3662 422.525 
0 0 69.1699 44.1211 -41.5283 0 0 0 69.1699 44.1211 -41.5283 0 -50.7568 75.3662 -50.7568 75.3662 429.21 
0 0 69.082 44.1211 -41.5283 0 0 0 69.082 44.1211 -41.5283 0 -50.7568 75.3662 -50.7568 75.3662 435.527 
0 0 68.9941 44.1211 -41.5283 0 0 0 68.9941 44.1211 -41.5283 0 -50.7129 75.3662 -50.7129 75.3662 442.21 
0 0 68.9502 44.0771 -41.5283 0 0 0 68.9502 44.0771 -41.5283 0 -50.7129 75.3662 -50.7129 75.3662 448.515 
0 0 68.8623 44.0771 -41.5283 0 0 0 68.8623 44.0771 -41.5283 0 -50.6689 75.3223 -50.6689 75.3223 455.204 
0 0 68.7305 44.0332 -41.5283 0 0 0 68.7305 44.0332 -41.5283 0 -50.7568 75.3223 -50.7568 75.3223 461.502 
0 0 68.6865 44.0332 -41.5283 0 0 0 68.6865 44.0332 -41.5283 0 -50.7129 75.3223 -50.7129 75.3223 468.2 
0 0 68.5547 44.0332 -41.5283 0 0 0 68.5547 44.0332 -41.5283 0 -50.7568 75.3223 -50.7568 75.3223 474.504 
0 0 68.5107 44.0332 -41.5283 0 0 0 68.5107 44.0332 -41.5283 0 -50.6689 75.2783 -50.6689 75.2783 481.196 
0 0 68.3789 44.0332 -41.5283 0 0 0 68.3789 44.0332 -41.5283 0 -50.7129 75.2344 -50.7129 75.2344 487.498 
0 0 68.2471 44.0332 -41.5283 0 0 0 68.2471 44.0332 -41.5283 0 -50.7129 75.2344 -50.7129 75.2344 494.188 
0 0 68.0713 44.0332 -41.5283 0 0 0 68.0713 44.0332 -41.5283 0 -50.7568 75.1904 -50.7568 75.1904 500.497 
0 0 67.9395 44.0332 -41.5283 0 0 0 67.9395 44.0332 -41.5283 0 -50.6689 75.1904 -50.6689 75.1904 507.196 
0 0 67.8516 43.9893 -41.5283 0 0 0 67.8516 43.9893 -41.5283 0 -50.7568 75.1465 -50.7568 75.1465 513.5 
0 0 67.7197 43.9893 -41.5283 0 0 0 67.7197 43.9893 -41.5283 0 -50.6689 75.1025 -50.6689 75.1025 520.192 
0 0 67.5439 43.9014 -41.5283 0 0 0 67.5439 43.9014 -41.5283 0 -50.6689 75.1025 -50.6689 75.1025 526.488 
0 0 67.4561 43.9453 -41.5283 0 0 0 67.4561 43.9453 -41.5283 0 -50.7129 75.0146 -50.7129 75.0146 533.181 
0 0 67.2363 43.9014 -41.5283 0 0 0 67.2363 43.9014 -41.5283 0 -50.7568 75.0146 -50.7568 75.0146 539.493 
0 0 67.0605 43.9014 -41.5283 0 0 0 67.0605 43.9014 -41.5283 0 -50.7129 74.9707 -50.7129 74.9707 546.175 
0 0 66.8848 43.8135 -41.5283 0 0 0 66.8848 43.8135 -41.5283 0 -50.7129 74.9707 -50.7129 74.9707 552.491 
0 0 66.7529 43.7695 -41.5283 0 0 0 66.7529 43.7695 -41.5283 0 -50.7129 74.9268 -50.7129 74.9268 559.186 
0 0 66.4893 43.7256 -41.5283 0 0 0 66.4893 43.7256 -41.5283 0 -50.7568 74.9268 -50.7568 74.9268 565.475 
0 0 66.3135 43.6816 -41.5283 0 0 0 66.3135 43.6816 -41.5283 0 -50.7129 74.8389 -50.7129 74.8389 572.177 
0 0 66.0498 43.6377 -41.5283 0 0 0 66.0498 43.6377 -41.5283 0 -50.7129 74.8389 -50.7129 74.8389 578.473 
0 0 65.874 43.5498 -41.5283 0 0 0 65.874 43.5498 -41.5283 0 -50.7568 74.8389 -50.7568 74.8389 585.173 
0 0 65.5664 43.5059 -41.5283 0 0 0 65.5664 43.5059 -41.5283 0 -50.7568 74.7949 -50.7568 74.7949 591.485 
0 0 65.3906 43.418 -41.5283 0 0 0 65.3906 43.418 -41.5283 0 -50.7568 74.751 -50.7568 74.751 598.177 
0 0 65.0391 43.3301 -41.5283 0 0 0 65.0391 43.3301 -41.5283 0 -50.7568 74.707 -50.7568 74.707 604.471 
0 0 64.8633 43.1982 -41.5283 0 0 0 64.8633 43.1982 -41.5283 0 -50.7568 74.6631 -50.7568 74.6631 611.165 
0 0 64.5557 43.1104 -41.5283 0 0 0 64.5557 43.1104 -41.5283 0 -50.7568 74.6631 -50.7568 74.6631 617.477 
0 0 64.3359 42.9785 -41.5283 0 0 0 64.3359 42.9785 -41.5283 0 -50.7568 74.6631 -50.7568 74.6631 624.181 
0 0 63.9404 42.8467 -41.5283 0 0 0 63.9404 42.8467 -41.5283 0 -50.7568 74.6631 -50.7568 74.6631 630.472 
0 0 63.7207 42.7148 -41.5283 0 0 0 63.7207 42.7148 -41.5283 0 -50.7568 74.6191 -50.7568 74.6191 637.173 
0 0 63.3252 42.583 -41.6602 0 0 0 63.3252 42.583 -41.6602 0 -50.8008 74.5752 -50.8008 74.5752 643.483 
0 0 63.1494 42.4072 -41.7041 0 0 0 63.1494 42.4072 -41.7041 0 -50.7568 74.6191 -50.7568 74.6191 650.166 
0 0 62.7539 42.2754 -41.792 0 0 0 62.7539 42.2754 -41.792 0 -50.7568 74.6191 -50.7568 74.6191 656.458 
0 0 62.5781 42.1436 -41.9678 0 0 0 62.5781 42.1436 -41.9678 0 -50.8008 74.5752 -50.8008 74.5752 663.162 
0 0 62.3145 42.0117 -42.0996 0 0 0 62.3145 42.0117 -42.0996 0 -50.8447 74.5752 -50.8447 74.5752 669.469 
0 0 62.1826 41.8359 -42.3193 0 0 0 62.1826 41.8359 -42.3193 0 -50.8447 74.6191 -50.8447 74.6191 676.162 
0 0 61.9189 41.6162 -42.583 0 0 0 61.9189 41.6162 -42.583 0 -50.8447 74.6631 -50.8447 74.6631 682.472 
0 0 61.6992 41.3525 -42.8906 0 0 0 61.6992 41.3525 -42.8906 0 -50.9326 74.707 -50.9326 74.707 689.146 
0 0 61.4795 41.1328 -43.2422 0 0 0 61.4795 41.1328 -43.2422 0 -50.9326 74.751 -50.9326 74.751 695.446 
0 0 61.3037 40.8691 -43.6816 0 0 0 61.3037 40.8691 -43.6816 0 -50.9766 74.8389 -50.9766 74.8389 702.148 
0 0 60.9961 40.5615 -44.1211 0 0 0 60.9961 40.5615 -44.1211 0 -51.1084 74.8828 -51.1084 74.8828 708.446 
0 0 60.9082 40.3418 -44.5605 0 0 0 60.9082 40.3418 -44.5605 0 -51.1963 75.0586 -51.1963 75.0586 715.124 
0 0 60.6445 40.0342 -45.0439 0 0 0 60.6445 40.0342 -45.0439 0 -51.2842 75.1465 -51.2842 75.1465 721.433 
0 0 60.4688 39.6826 -45.5273 0 0 0 60.4688 39.6826 -45.5273 0 -51.3721 75.3223 -51.3721 75.3223 728.117 
0 0 60.1611 39.375 -46.0547 0 0 0 60.1611 39.375 -46.0547 0 -51.416 75.4541 -51.416 75.4541 734.438 
0 0 60.0732 38.9795 -46.582 0 0 0 60.0732 38.9795 -46.582 0 -51.5479 75.5859 -51.5479 75.5859 741.129 
0 0 59.7217 38.6279 -47.0215 0 0 0 59.7217 38.6279 -47.0215 0 -51.6797 75.7178 -51.6797 75.7178 747.428 
0 0 59.6777 38.4961 -47.4609 0 0 0 59.6777 38.4961 -47.4609 0 -51.8115 75.8936 -51.8115 75.8936 754.12 
0 0 59.458 38.1885 -47.9004 0 0 0 59.458 38.1885 -47.9004 0 -51.8994 76.1133 -51.8994 76.1133 760.426 
0 0 59.3701 37.8809 -48.2959 0 0 0 59.3701 37.8809 -48.2959 0 -52.0312 76.2891 -52.0312 76.2891 767.111 
0 0 59.0186 37.5732 -48.6475 0 0 0 59.0186 37.5732 -48.6475 0 -52.1631 76.4209 -52.1631 76.4209 773.417 
0 0 58.9746 37.2656 -48.8672 0 0 0 58.9746 37.2656 -48.8672 0 -52.3828 76.5527 -52.3828 76.5527 780.114 
0 0 58.667 37.0898 -49.1309 0 0 0 58.667 37.0898 -49.1309 0 -52.6025 76.7285 -52.6025 76.7285 786.425 
0 0 58.623 36.8262 -49.4385 0 0 0 58.623 36.8262 -49.4385 0 -52.7783 76.8604 -52.7783 76.8604 793.109 
0 0 58.3594 36.6064 -49.79 0 0 0 58.3594 36.6064 -49.79 0 -52.998 77.0361 -52.998 77.0361 799.418 
0 0 58.2715 36.4307 -50.1416 0 0 0 58.2715 36.4307 -50.1416 0 -53.2178 77.168 -53.2178 77.168 806.109 
0 0 58.0078 36.2549 -50.4492 0 0 0 58.0078 36.2549 -50.4492 0 -53.5254 77.4316 -53.5254 77.4316 812.402 
0 0 57.9199 35.9473 -50.8008 0 0 0 57.9199 35.9473 -50.8008 0 -53.833 77.6514 -53.833 77.6514 819.097 
0 0 57.7002 35.7275 -51.1963 0 0 0 57.7002 35.7275 -51.1963 0 -54.2285 77.8711 -54.2285 77.8711 825.396 
0 0 57.6123 35.4639 -51.6357 0 0 0 57.6123 35.4639 -51.6357 0 -54.5361 78.0469 -54.5361 78.0469 832.098 
0 0 57.3926 35.2441 -52.0312 0 0 0 57.3926 35.2441 -52.0312 0 -55.0635 78.2666 -55.0635 78.2666 838.402 
0 0 57.3486 34.9365 -52.4707 0 0 0 57.3486 34.9365 -52.4707 0 -55.459 78.4863 -55.459 78.4863 845.091 
0 0 57.085 34.6289 -52.998 0 0 0 57.085 34.6289 -52.998 0 -55.9424 78.7061 -55.9424 78.7061 851.395 
0 0 57.041 34.3213 -53.3496 0 0 0 57.041 34.3213 -53.3496 0 -56.4258 78.8379 -56.4258 78.8379 858.092 
0 0 56.8213 34.0137 -53.833 0 0 0 56.8213 34.0137 -53.833 0 -56.9971 79.0137 -56.9971 79.0137 864.393 
0 0 56.7773 33.7061 -54.2725 0 0 0 56.7773 33.7061 -54.2725 0 -57.6123 79.2334 -57.6123 79.2334 871.083 
0 0 56.6455 33.3984 -54.624 0 0 0 56.6455 33.3984 -54.624 0 -58.2715 79.4531 -58.2715 79.4531 877.393 
0 0 56.6455 33.3545 -54.7559 0 0 0 56.6455 33.3545 -54.7559 0 -58.9746 79.7168 -58.9746 79.7168 884.088 
0 0 56.6455 33.2666 -54.9316 0 0 0 56.6455 33.2666 -54.9316 0 -59.7217 79.9805 -59.7217 79.9805 890.388 
0 0 56.6455 33.1348 -55.0195 0 0 0 56.6455 33.1348 -55.0195 0 -60.293 80.1123 -60.293 80.1123 897.084 
0 0 56.5576 33.1787 -55.0635 0 0 0 56.5576 33.1787 -55.0635 0 -60.9961 80.2881 -60.9961 80.2881 903.398 
0 0 56.5137 33.3105 -54.9756 0 0 0 56.5137 33.3105 -54.9756 0 -61.6553 80.4199 -61.6553 80.4199 910.073 
0 0 56.4697 33.4863 -54.9316 0 0 0 56.4697 33.4863 -54.9316 0 -62.3584 80.6396 -62.3584 80.6396 916.378 
0 0 56.4258 33.7061 -54.7998 0 0 0 56.4258 33.7061 -54.7998 0 -63.0176 80.7715 -63.0176 80.7715 923.074 
0 0 56.4697 34.1016 -54.7559 0 0 0 56.4697 34.1016 -54.7559 0 -63.8525 80.9473 -63.8525 80.9473 929.371 
0 0 56.5137 34.541 -54.668 0 0 0 56.5137 34.541 -54.668 0 -64.7754 81.0791 -64.7754 81.0791 936.082 
0 0 56.6016 35.1123 -54.5361 0 0 0 56.6016 35.1123 -54.5361 0 -65.6543 81.2988 -65.6543 81.2988 942.381 
0 0 56.6016 35.6836 -54.4922 0 0 0 56.6016 35.6836 -54.4922 0 -66.4014 81.3867 -66.4014 81.3867 949.059 
0 0 56.6455 36.2988 -54.4482 0 0 0 56.6455 36.2988 -54.4482 0 -67.3242 81.5186 -67.3242 81.5186 955.367 
0 0 56.6455 36.9141 -54.4482 0 0 0 56.6455 36.9141 -54.4482 0 -68.1592 81.5625 -68.1592 81.5625 962.059 
0 0 56.6895 37.6611 -54.4922 0 0 0 56.6895 37.6611 -54.4922 0 -69.1699 81.6504 -69.1699 81.6504 968.366 
0 0 56.6016 38.4082 -54.5361 0 0 0 56.6016 38.4082 -54.5361 0 -69.9609 81.6943 -69.9609 81.6943 975.051 
0 0 56.6016 39.2871 -54.5361 0 0 0 56.6016 39.2871 -54.5361 0 -70.9277 81.6504 -70.9277 81.6504 981.369 
0 0 56.5576 40.166 -54.5361 0 0 0 56.5576 40.166 -54.5361 0 -71.8066 81.6504 -71.8066 81.6504 988.065 
0 0 56.5137 41.0449 -54.5801 0 0 0 56.5137 41.0449 -54.5801 0 -72.8174 81.6064 -72.8174 81.6064 994.357 
0 0 56.4258 42.0117 -54.5801 0 0 0 56.4258 42.0117 -54.5801 0 -73.7402 81.6064 -73.7402 81.6064 1001.07 
0 0 56.4697 42.9346 -54.5361 0 0 0 56.4697 42.9346 -54.5361 0 -74.751 81.5186 -74.751 81.5186 1007.38 
0 0 56.5137 43.9014 -54.4922 0 0 0 56.5137 43.9014 -54.4922 0 -75.7178 81.6064 -75.7178 81.6064 1014.05 
0 0 56.6016 44.7803 -54.4922 0 0 0 56.6016 44.7803 -54.4922 0 -76.7285 81.5625 -76.7285 81.5625 1020.36 
0 0 56.6455 45.7031 -54.4922 0 0 0 56.6455 45.7031 -54.4922 0 -77.6514 81.6064 -77.6514 81.6064 1027.05 
0 0 56.7334 46.626 -54.3604 0 0 0 56.7334 46.626 -54.3604 0 -78.6621 81.6064 -78.6621 81.6064 1033.35 
0 0 56.8652 47.5049 -54.3164 0 0 0 56.8652 47.5049 -54.3164 0 -79.585 81.6943 -79.585 81.6943 1041.68 
0 0 56.9971 48.6035 -54.2285 0 0 0 56.9971 48.6035 -54.2285 0 -80.6836 81.7383 -80.6836 81.7383 1048.22 
0 0 57.1729 49.3945 -54.2285 0 0 0 57.1729 49.3945 -54.2285 0 -81.5186 81.8262 -81.5186 81.8262 1054.44 
0 0 57.3486 50.2734 -54.1406 0 0 0 57.3486 50.2734 -54.1406 0 -82.2656 81.8701 -82.2656 81.8701 1061.04 
0 0 57.5684 51.1523 -54.0527 0 0 0 57.5684 51.1523 -54.0527 0 -83.1885 81.958 -83.1885 81.958 1067.33 
0 0 57.7441 51.9434 -54.0088 0 0 0 57.7441 51.9434 -54.0088 0 -83.9795 82.0459 -83.9795 82.0459 1074.03 
0 0 58.0518 52.7783 -53.9648 0 0 0 58.0518 52.7783 -53.9648 0 -84.8584 82.1777 -84.8584 82.1777 1080.33 
0 0 58.3594 53.5254 -53.833 0 0 0 58.3594 53.5254 -53.833 0 -85.6055 82.3096 -85.6055 82.3096 1087.02 
0 0 58.7109 54.2725 -53.6572 0 0 0 58.7109 54.2725 -53.6572 0 -86.4404 82.5293 -86.4404 82.5293 1093.33 
0 0 59.0186 54.8438 -53.5693 0 0 0 59.0186 54.8438 -53.5693 0 -87.2754 82.7051 -87.2754 82.7051 1100.03 
0 0 59.458 55.415 -53.4375 0 0 0 59.458 55.415 -53.4375 0 -88.1104 82.9248 -88.1104 82.9248 1106.41 
0 0 59.8535 55.8984 -53.3057 0 0 0 59.8535 55.8984 -53.3057 0 -88.9014 83.1006 -88.9014 83.1006 1113.1 
0 0 60.4248 56.2939 -53.2178 0 0 0 60.4248 56.2939 -53.2178 0 -89.6924 83.1885 -89.6924 83.1885 1119.41 
0 0 60.8203 56.6895 -53.0859 0 0 0 60.8203 56.6895 -53.0859 0 -90.3955 83.3643 -90.3955 83.3643 1126.1 
0 0 61.4355 57.041 -52.998 0 0 0 61.4355 57.041 -52.998 0 -91.1865 83.4082 -91.1865 83.4082 1132.41 
0 0 61.8311 57.3047 -52.9541 0 0 0 61.8311 57.3047 -52.9541 0 -91.8457 83.584 -91.8457 83.584 1139.1 
0 0 62.4902 57.5684 -52.8662 0 0 0 62.4902 57.5684 -52.8662 0 -92.5928 83.7598 -92.5928 83.7598 1145.4 
0 0 62.8418 57.876 -52.7783 0 0 0 62.8418 57.876 -52.7783 0 -93.3838 83.9355 -93.3838 83.9355 1152.08 
0 0 63.3252 58.1396 -52.6904 0 0 0 63.3252 58.1396 -52.6904 0 -94.1748 84.0674 -94.1748 84.0674 1158.4 
0 0 63.5449 58.3594 -52.6904 0 0 0 63.5449 58.3594 -52.6904 0 -94.8779 84.1992 -94.8779 84.1992 1165.09 
0 0 63.9404 58.5352 -52.6904 0 0 0 63.9404 58.5352 -52.6904 0 -95.4932 84.2432 -95.4932 84.2432 1171.39 
0 0 64.1602 58.667 -52.6465 0 0 0 64.1602 58.667 -52.6465 0 -96.0645 84.2871 -96.0645 84.2871 1178.08 
0 0 64.5117 58.7988 -52.6025 0 0 0 64.5117 58.7988 -52.6025 0 -96.6797 84.2432 -96.6797 84.2432 1184.38 
0 0 64.6436 58.9746 -52.5586 0 0 0 64.6436 58.9746 -52.5586 0 -97.207 84.1113 -97.207 84.1113 1191.08 
0 0 64.8193 59.0186 -52.5146 0 0 0 64.8193 59.0186 -52.5146 0 -97.8662 83.8477 -97.8662 83.8477 1197.38 
0 0 64.9072 59.0625 -52.5586 0 0 0 64.9072 59.0625 -52.5586 0 -98.3936 83.54 -98.3936 83.54 1204.07 
0 0 64.8633 58.9746 -52.6025 0 0 0 64.8633 58.9746 -52.6025 0 -99.0088 83.1445 -99.0088 83.1445 1210.38 
0 0 64.7754 58.9746 -52.6025 0 0 0 64.7754 58.9746 -52.6025 0 -99.4482 82.7051 -99.4482 82.7051 1217.07 
0 0 64.6875 58.9746 -52.6465 0 0 0 64.6875 58.9746 -52.6465 0 -99.9316 82.1777 -99.9316 82.1777 1223.37 
0 0 64.6875 58.8867 -52.6465 0 0 0 64.6875 58.8867 -52.6465 0 -100.415 81.7383 -100.415 81.7383 1230.06 
0 0 64.5996 58.8428 -52.6465 0 0 0 64.5996 58.8428 -52.6465 0 -100.898 81.3428 -100.898 81.3428 1236.37 
0 0 64.5117 58.7988 -52.6465 0 0 0 64.5117 58.7988 -52.6465 0 -101.25 80.9912 -101.25 80.9912 1243.05 
0 0 64.3799 58.7109 -52.6904 0 0 0 64.3799 58.7109 -52.6904 0 -101.602 80.6396 -101.602 80.6396 1249.37 
0 0 64.3359 58.7549 -52.6904 0 0 0 64.3359 58.7549 -52.6904 0 -101.909 80.376 -101.909 80.376 1256.07 
0 0 64.248 58.623 -52.6904 0 0 0 64.248 58.623 -52.6904 0 -102.129 80.1562 -102.129 80.1562 1262.37 
0 0 64.2041 58.667 -52.6904 0 0 0 64.2041 58.667 -52.6904 0 -102.349 79.9805 -102.349 79.9805 1269.06 
0 0 64.0723 58.5791 -52.6904 0 0 0 64.0723 58.5791 -52.6904 0 -102.48 79.8486 -102.48 79.8486 1275.36 
0 0 64.0283 58.5352 -52.7344 0 0 0 64.0283 58.5352 -52.7344 0 -102.656 79.8047 -102.656 79.8047 1282.05 
0 0 63.8965 58.4912 -52.7344 0 0 0 63.8965 58.4912 -52.7344 0 -102.7 79.8047 -102.7 79.8047 1288.35 
0 0 63.8525 58.4912 -52.7344 0 0 0 63.8525 58.4912 -52.7344 0 -102.876 79.8047 -102.876 79.8047 1295.05 
0 0 63.7207 58.4473 -52.7344 0 0 0 63.7207 58.4473 -52.7344 0 -103.096 79.8486 -103.096 79.8486 1301.36 
0 0 63.6328 58.4033 -52.7344 0 0 0 63.6328 58.4033 -52.7344 0 -103.228 79.8926 -103.228 79.8926 1308.04 
0 0 63.5889 58.3154 -52.7783 0 0 0 63.5889 58.3154 -52.7783 0 -103.315 80.0684 -103.315 80.0684 1314.27 
0 0 63.501 58.3154 -52.7783 0 0 0 63.501 58.3154 -52.7783 0 -103.403 80.2002 -103.403 80.2002 1320.95 
0 0 63.457 58.3154 -52.8223 0 0 0 63.457 58.3154 -52.8223 0 -103.491 80.332 -103.491 80.332 1327.26 
0 0 63.3252 58.2715 -52.8662 0 0 0 63.3252 58.2715 -52.8662 0 -103.491 80.5078 -103.491 80.5078 1333.96 
0 0 63.1934 58.2715 -52.8662 0 0 0 63.1934 58.2715 -52.8662 0 -103.579 80.7715 -103.579 80.7715 1340.29 
0 0 63.1494 58.1836 -52.9102 0 0 0 63.1494 58.1836 -52.9102 0 -103.667 80.9473 -103.667 80.9473 1346.96 
0 0 62.9736 58.0957 -52.9541 0 0 0 62.9736 58.0957 -52.9541 0 -103.667 81.167 -103.667 81.167 1353.25 
0 0 62.8418 58.0518 -52.9541 0 0 0 62.8418 58.0518 -52.9541 0 -103.667 81.3428 -103.667 81.3428 1359.95 
0 0 62.666 58.0518 -52.998 0 0 0 62.666 58.0518 -52.998 0 -103.711 81.5625 -103.711 81.5625 1366.25 
0 0 62.5781 57.9639 -53.042 0 0 0 62.5781 57.9639 -53.042 0 -103.711 81.6943 -103.711 81.6943 1372.95 
0 0 62.3145 57.9199 -53.042 0 0 0 62.3145 57.9199 -53.042 0 -103.711 81.8262 -103.711 81.8262 1379.26 
0 0 62.2266 57.832 -53.042 0 0 0 62.2266 57.832 -53.042 0 -103.887 82.002 -103.887 82.002 1385.95 
0 0 61.9189 57.7002 -53.0859 0 0 0 61.9189 57.7002 -53.0859 0 -103.931 82.0898 -103.931 82.0898 1392.25 
0 0 61.7871 57.5684 -53.042 0 0 0 61.7871 57.5684 -53.042 0 -104.019 82.1777 -104.019 82.1777 1398.94 
0 0 61.5234 57.4805 -53.042 0 0 0 61.5234 57.4805 -53.042 0 -104.062 82.1777 -104.062 82.1777 1405.25 
0 0 61.3477 57.4365 -52.998 0 0 0 61.3477 57.4365 -52.998 0 -104.106 82.1338 -104.106 82.1338 1411.94 
0 0 61.04 57.2607 -52.998 0 0 0 61.04 57.2607 -52.998 0 -104.15 82.1338 -104.15 82.1338 1418.25 
0 0 60.8203 57.1729 -52.9102 0 0 0 60.8203 57.1729 -52.9102 0 -104.282 82.1338 -104.282 82.1338 1424.94 
0 0 60.4688 57.1289 -52.8223 0 0 0 60.4688 57.1289 -52.8223 0 -104.326 82.0898 -104.326 82.0898 1431.23 
0 0 60.3369 57.085 -52.7783 0 0 0 60.3369 57.085 -52.7783 0 -104.414 82.0459 -104.414 82.0459 1437.97 
0 0 59.8975 56.9531 -52.6904 0 0 0 59.8975 56.9531 -52.6904 0 -104.458 82.002 -104.458 82.002 1444.24 
0 0 59.6777 56.8652 -52.6465 0 0 0 59.6777 56.8652 -52.6465 0 -104.59 81.8701 -104.59 81.8701 1450.91 
0 0 59.2383 56.7334 -52.6465 0 0 0 59.2383 56.7334 -52.6465 0 -104.678 81.7822 -104.678 81.7822 1457.24 
0 0 59.0186 56.6455 -52.5586 0 0 0 59.0186 56.6455 -52.5586 0 -104.766 81.5625 -104.766 81.5625 1463.93 
0 0 58.5352 56.5137 -52.5146 0 0 0 58.5352 56.5137 -52.5146 0 -104.897 81.3428 -104.897 81.3428 1470.24 
0 0 58.3154 56.3379 -52.4268 0 0 0 58.3154 56.3379 -52.4268 0 -105.029 81.123 -105.029 81.123 1476.92 
0 0 57.832 56.1621 -52.4268 0 0 0 57.832 56.1621 -52.4268 0 -105.117 80.8594 -105.117 80.8594 1483.22 
0 0 57.5244 56.0742 -52.2949 0 0 0 57.5244 56.0742 -52.2949 0 -105.205 80.5957 -105.205 80.5957 1489.93 
0 0 57.085 55.8545 -52.207 0 0 0 57.085 55.8545 -52.207 0 -105.293 80.2881 -105.293 80.2881 1496.21 
0 0 56.7773 55.7666 -52.1191 0 0 0 56.7773 55.7666 -52.1191 0 -105.337 79.9365 -105.337 79.9365 1502.92 
0 0 56.2939 55.6348 -52.0312 0 0 0 56.2939 55.6348 -52.0312 0 -105.425 79.6289 -105.425 79.6289 1509.22 
0 0 55.9863 55.5029 -51.9434 0 0 0 55.9863 55.5029 -51.9434 0 -105.425 79.2334 -105.425 79.2334 1515.92 
0 0 55.459 55.3711 -51.8115 0 0 0 55.459 55.3711 -51.8115 0 -105.469 78.8818 -105.469 78.8818 1522.23 
0 0 55.1514 55.2393 -51.6357 0 0 0 55.1514 55.2393 -51.6357 0 -105.469 78.4863 -105.469 78.4863 1528.9 
0 0 54.624 55.1074 -51.5039 0 0 0 54.624 55.1074 -51.5039 0 -105.469 78.1348 -105.469 78.1348 1535.21 
0 0 54.2725 54.9756 -51.3721 0 0 0 54.2725 54.9756 -51.3721 0 -105.469 77.6953 -105.469 77.6953 1541.91 
0 0 53.7891 54.8438 -51.1963 0 0 0 53.7891 54.8438 -51.1963 0 -105.469 77.3877 -105.469 77.3877 1548.22 
0 0 53.4814 54.7559 -51.1084 0 0 0 53.4814 54.7559 -51.1084 0 -105.469 76.9482 -105.469 76.9482 1554.91 
0 0 52.9102 54.668 -50.8447 0 0 0 52.9102 54.668 -50.8447 0 -105.469 76.5527 -105.469 76.5527 1561.22 
0 0 52.5146 54.5801 -50.6689 0 0 0 52.5146 54.5801 -50.6689 0 -105.469 76.1133 -105.469 76.1133 1567.9 
0 0 51.9434 54.4482 -50.4492 0 0 0 51.9434 54.4482 -50.4492 0 -105.469 75.7178 -105.469 75.7178 1574.22 
0 0 51.5479 54.3604 -50.2295 0 0 0 51.5479 54.3604 -50.2295 0 -105.469 75.2344 -105.469 75.2344 1580.88 
0 0 50.8447 54.2285 -50.0537 0 0 0 50.8447 54.2285 -50.0537 0 -105.469 74.7949 -105.469 74.7949 1587.21 
0 0 50.4932 54.1406 -49.79 0 0 0 50.4932 54.1406 -49.79 0 -105.469 74.3555 -105.469 74.3555 1593.9 
0 0 49.79 54.0967 -49.5703 0 0 0 49.79 54.0967 -49.5703 0 -105.469 73.8721 -105.469 73.8721 1600.18 
0 0 49.3945 54.0088 -49.3066 0 0 0 49.3945 54.0088 -49.3066 0 -105.469 73.4326 -105.469 73.4326 1606.87 
0 0 48.7354 53.9648 -49.043 0 0 0 48.7354 53.9648 -49.043 0 -105.425 72.9053 -105.425 72.9053 1613.18 
0 0 48.2959 53.9648 -48.7354 0 0 0 48.2959 53.9648 -48.7354 0 -105.337 72.4219 -105.337 72.4219 1619.86 
0 0 47.5928 53.877 -48.4717 0 0 0 47.5928 53.877 -48.4717 0 -105.293 71.8945 -105.293 71.8945 1626.18 
0 0 47.1973 53.833 -48.1641 0 0 0 47.1973 53.833 -48.1641 0 -105.293 71.4111 -105.293 71.4111 1632.88 
0 0 46.4062 53.7891 -47.8564 0 0 0 46.4062 53.7891 -47.8564 0 -105.249 70.9277 -105.249 70.9277 1639.17 
0 0 46.0107 53.7451 -47.5049 0 0 0 46.0107 53.7451 -47.5049 0 -105.249 70.4004 -105.249 70.4004 1645.86 
0 0 45.2197 53.7451 -47.1973 0 0 0 45.2197 53.7451 -47.1973 0 -105.249 69.8291 -105.249 69.8291 1652.18 
0 0 44.7803 53.7012 -46.8896 0 0 0 44.7803 53.7012 -46.8896 0 -105.249 69.3018 -105.249 69.3018 1658.86 
0 0 43.9893 53.6572 -46.5381 0 0 0 43.9893 53.6572 -46.5381 0 -105.205 68.7744 -105.205 68.7744 1665.18 
0 0 43.5498 53.6133 -46.1865 0 0 0 43.5498 53.6133 -46.1865 0 -105.205 68.2031 -105.205 68.2031 1671.87 
0 0 42.8027 53.6133 -45.8789 0 0 0 42.8027 53.6133 -45.8789 0 -105.161 67.6758 -105.161 67.6758 1678.17 
0 0 42.4072 53.5693 -45.5713 0 0 0 42.4072 53.5693 -45.5713 0 -105.161 67.1045 -105.161 67.1045 1684.85 
0 0 41.6602 53.5254 -45.2197 0 0 0 41.6602 53.5254 -45.2197 0 -105.161 66.5332 -105.161 66.5332 1691.17 
0 0 41.2646 53.4814 -44.9121 0 0 0 41.2646 53.4814 -44.9121 0 -105.161 65.9619 -105.161 65.9619 1697.86 
0 0 40.5176 53.4375 -44.6045 0 0 0 40.5176 53.4375 -44.6045 0 -105.161 65.4346 -105.161 65.4346 1704.16 
0 0 40.1221 53.3936 -44.2969 0 0 0 40.1221 53.3936 -44.2969 0 -105.161 64.8633 -105.161 64.8633 1710.85 
0 0 39.4189 53.3936 -43.9453 0 0 0 39.4189 53.3936 -43.9453 0 -105.161 64.3359 -105.161 64.3359 1717.15 
0 0 39.0234 53.3496 -43.6816 0 0 0 39.0234 53.3496 -43.6816 0 -105.161 63.8086 -105.161 63.8086 1723.84 
0 0 38.3203 53.3057 -43.374 0 0 0 38.3203 53.3057 -43.374 0 -105.161 63.2812 -105.161 63.2812 1730.14 
0 0 37.9688 53.2617 -43.0664 0 0 0 37.9688 53.2617 -43.0664 0 -105.161 62.8418 -105.161 62.8418 1736.84 
0 0 37.3096 53.2178 -42.7588 0 0 0 37.3096 53.2178 -42.7588 0 -105.161 62.3584 -105.161 62.3584 1743.14 
0 0 36.9141 53.1738 -42.4951 0 0 0 36.9141 53.1738 -42.4951 0 -105.117 61.9189 -105.117 61.9189 1749.83 
0 0 36.3428 53.1299 -42.2314 0 0 0 36.3428 53.1299 -42.2314 0 -105.161 61.3916 -105.161 61.3916 1756.14 
0 0 35.9912 53.1299 -41.9238 0 0 0 35.9912 53.1299 -41.9238 0 -105.161 60.9961 -105.161 60.9961 1762.83 
0 0 35.4199 53.1299 -41.6602 0 0 0 35.4199 53.1299 -41.6602 0 -105.117 60.5127 -105.117 60.5127 1769.13 
0 0 35.0684 53.042 -41.4404 0 0 0 35.0684 53.042 -41.4404 0 -105.117 60.0732 -105.117 60.0732 1775.82 
0 0 34.541 52.998 -41.1768 0 0 0 34.541 52.998 -41.1768 0 -105.117 59.6777 -105.117 59.6777 1782.13 
0 0 34.2334 52.9541 -40.9131 0 0 0 34.2334 52.9541 -40.9131 0 -105.117 59.1504 -105.117 59.1504 1788.83 
0 0 33.75 52.9102 -40.6934 0 0 0 33.75 52.9102 -40.6934 0 -105.161 58.667 -105.161 58.667 1795.12 
0 0 33.4863 52.9102 -40.4297 0 0 0 33.4863 52.9102 -40.4297 0 -105.161 58.2275 -105.161 58.2275 1801.82 
0 0 32.959 52.8662 -40.21 0 0 0 32.959 52.8662 -40.21 0 -105.117 57.7002 -105.117 57.7002 1808.14 
0 0 32.7393 52.7783 -40.0342 0 0 0 32.7393 52.7783 -40.0342 0 -105.161 57.085 -105.161 57.085 1814.83 
0 0 32.2998 52.7344 -39.8145 0 0 0 32.2998 52.7344 -39.8145 0 -105.205 56.4697 -105.205 56.4697 1821.12 
0 0 32.0361 52.6904 -39.6387 0 0 0 32.0361 52.6904 -39.6387 0 -105.117 55.8545 -105.117 55.8545 1827.82 
0 0 31.5527 52.6025 -39.4629 0 0 0 31.5527 52.6025 -39.4629 0 -105.161 55.1953 -105.161 55.1953 1834.11 
0 0 31.2451 52.5586 -39.2432 0 0 0 31.2451 52.5586 -39.2432 0 -105.161 54.7119 -105.161 54.7119 1840.82 
0 0 30.7617 52.5146 -39.0234 0 0 0 30.7617 52.5146 -39.0234 0 -105.161 54.1406 -105.161 54.1406 1847.11 
0 0 30.4102 52.4268 -38.8916 0 0 0 30.4102 52.4268 -38.8916 0 -105.161 53.6133 -105.161 53.6133 1853.81 
0 0 29.9268 52.3389 -38.7158 0 0 0 29.9268 52.3389 -38.7158 0 -105.073 53.1738 -105.073 53.1738 1860.11 
0 0 29.751 52.2949 -38.584 0 0 0 29.751 52.2949 -38.584 0 -105.117 52.8223 -105.117 52.8223 1866.83 
0 0 29.3115 52.207 -38.4082 0 0 0 29.3115 52.207 -38.4082 0 -105.073 52.4707 -105.073 52.4707 1873.12 
0 0 29.0479 52.1631 -38.1885 0 0 0 29.0479 52.1631 -38.1885 0 -105.029 52.207 -105.029 52.207 1879.79 
0 0 28.6084 52.1631 -38.1006 0 0 0 28.6084 52.1631 -38.1006 0 -105.029 51.7676 -105.029 51.7676 1886.1 
0 0 28.3887 52.0752 -37.8809 0 0 0 28.3887 52.0752 -37.8809 0 -104.941 51.5039 -104.941 51.5039 1892.81 
0 0 27.9492 52.0752 -37.7051 0 0 0 27.9492 52.0752 -37.7051 0 -104.897 51.1963 -104.897 51.1963 1899.1 
0 0 27.6855 52.0312 -37.5293 0 0 0 27.6855 52.0312 -37.5293 0 -104.854 50.8447 -104.854 50.8447 1905.81 
0 0 27.29 51.9434 -37.3096 0 0 0 27.29 51.9434 -37.3096 0 -104.81 50.4492 -104.81 50.4492 1912.12 
0 0 27.0264 51.8994 -37.1777 0 0 0 27.0264 51.8994 -37.1777 0 -104.766 50.0537 -104.766 50.0537 1918.8 
0 0 26.5869 51.8555 -36.958 0 0 0 26.5869 51.8555 -36.958 0 -104.722 49.5703 -104.722 49.5703 1925.1 
0 0 26.3232 51.7676 -36.8262 0 0 0 26.3232 51.7676 -36.8262 0 -104.634 49.2188 -104.634 49.2188 1931.79 
0 0 25.8398 51.7676 -36.6064 0 0 0 25.8398 51.7676 -36.6064 0 -104.546 48.7354 -104.546 48.7354 1938.09 
0 0 25.6201 51.6797 -36.4746 0 0 0 25.6201 51.6797 -36.4746 0 -104.458 48.252 -104.458 48.252 1944.78 
0 0 25.1367 51.6357 -36.2988 0 0 0 25.1367 51.6357 -36.2988 0 -104.458 47.6807 -104.458 47.6807 1951.09 
0 0 24.917 51.5918 -36.0791 0 0 0 24.917 51.5918 -36.0791 0 -104.414 47.1094 -104.414 47.1094 1957.79 
0 0 24.3896 51.5479 -35.8594 0 0 0 24.3896 51.5479 -35.8594 0 -104.37 46.4502 -104.37 46.4502 1964.1 
0 0 24.1699 51.5039 -35.7275 0 0 0 24.1699 51.5039 -35.7275 0 -104.326 45.791 -104.326 45.791 1970.78 
0 0 23.6865 51.46 -35.5078 0 0 0 23.6865 51.46 -35.5078 0 -104.238 45.0879 -104.238 45.0879 1977.08 
0 0 23.3789 51.3721 -35.2881 0 0 0 23.3789 51.3721 -35.2881 0 -104.15 44.4727 -104.15 44.4727 1983.79 
0 0 22.8076 51.3281 -35.0684 0 0 0 22.8076 51.3281 -35.0684 0 -104.062 43.7695 -104.062 43.7695 1990.08 
0 0 22.5439 51.2842 -34.8926 0 0 0 22.5439 51.2842 -34.8926 0 -103.975 43.1543 -103.975 43.1543 1996.79 
0 0 21.9727 51.1963 -34.6729 0 0 0 21.9727 51.1963 -34.6729 0 -103.887 42.5391 -103.887 42.5391 2003.07 
0 0 21.709 51.1523 -34.4531 0 0 0 21.709 51.1523 -34.4531 0 -103.755 41.8359 -103.755 41.8359 2009.77 
0 0 21.0498 51.0645 -34.2334 0 0 0 21.0498 51.0645 -34.2334 0 -103.667 41.1768 -103.667 41.1768 2016.07 
0 0 20.7422 51.0205 -33.9697 0 0 0 20.7422 51.0205 -33.9697 0 -103.535 40.5615 -103.535 40.5615 2022.76 
0 0 20.0391 50.9326 -33.7061 0 0 0 20.0391 50.9326 -33.7061 0 -103.359 39.8584 -103.359 39.8584 2029.07 
0 0 19.7314 50.8887 -33.4863 0 0 0 19.7314 50.8887 -33.4863 0 -103.184 39.1992 -103.184 39.1992 2035.75 
0 0 19.0283 50.7568 -33.2227 0 0 0 19.0283 50.7568 -33.2227 0 -103.008 38.584 -103.008 38.584 2042.06 
0 0 18.7207 50.7129 -32.959 0 0 0 18.7207 50.7129 -32.959 0 -102.832 37.9248 -102.832 37.9248 2048.75 
0 0 18.0176 50.6689 -32.7393 0 0 0 18.0176 50.6689 -32.7393 0 -102.744 37.2217 -102.744 37.2217 2055.05 
0 0 17.666 50.5371 -32.4756 0 0 0 17.666 50.5371 -32.4756 0 -102.524 36.5625 -102.524 36.5625 2061.75 
0 0 17.0508 50.4932 -32.168 0 0 0 17.0508 50.4932 -32.168 0 -102.437 35.8154 -102.437 35.8154 2068.05 
0 0 16.6113 50.4492 -31.9043 0 0 0 16.6113 50.4492 -31.9043 0 -102.261 35.1123 -102.261 35.1123 2074.74 
0 0 15.9082 50.3613 -31.5967 0 0 0 15.9082 50.3613 -31.5967 0 -102.085 34.2773 -102.085 34.2773 2081.04 
0 0 15.5127 50.2734 -31.333 0 0 0 15.5127 50.2734 -31.333 0 -101.953 33.5742 -101.953 33.5742 2087.73 
0 0 14.7656 50.2295 -31.0254 0 0 0 14.7656 50.2295 -31.0254 0 -101.821 32.8711 -101.821 32.8711 2094.04 
0 0 14.3701 50.1416 -30.7617 0 0 0 14.3701 50.1416 -30.7617 0 -101.733 32.124 -101.733 32.124 2100.74 
0 0 13.5791 50.0977 -30.3662 0 0 0 13.5791 50.0977 -30.3662 0 -101.514 31.377 -101.514 31.377 2107.03 
0 0 13.1836 50.0537 -30.1025 0 0 0 13.1836 50.0537 -30.1025 0 -101.426 30.6299 -101.426 30.6299 2113.73 
0 0 12.3926 49.9658 -29.751 0 0 0 12.3926 49.9658 -29.751 0 -101.294 29.8828 -101.294 29.8828 2120.04 
0 0 11.9531 49.9219 -29.4434 0 0 0 11.9531 49.9219 -29.4434 0 -101.162 29.1357 -101.162 29.1357 2126.73 
0 0 11.2061 49.834 -29.0918 0 0 0 11.2061 49.834 -29.0918 0 -101.074 28.3887 -101.074 28.3887 2133.02 
0 0 10.6787 49.79 -28.7402 0 0 0 10.6787 49.79 -28.7402 0 -100.986 27.6855 -100.986 27.6855 2139.72 
0 0 9.8877 49.7461 -28.4326 0 0 0 9.8877 49.7461 -28.4326 0 -100.898 26.8506 -100.898 26.8506 2146.03 
0 0 9.4043 49.6582 -28.0371 0 0 0 9.4043 49.6582 -28.0371 0 -100.767 26.1914 -100.767 26.1914 2152.72 
0 0 8.56934 49.6143 -27.6855 0 0 0 8.56934 49.6143 -27.6855 0 -100.679 25.4883 -100.679 25.4883 2159.02 
0 0 8.04199 49.5264 -27.29 0 0 0 8.04199 49.5264 -27.29 0 -100.591 24.7852 -100.591 24.7852 2165.72 
0 0 7.20703 49.4824 -26.8945 0 0 0 7.20703 49.4824 -26.8945 0 -100.503 24.082 -100.503 24.082 2172.01 
0 0 6.67969 49.3945 -26.543 0 0 0 6.67969 49.3945 -26.543 0 -100.415 23.291 -100.415 23.291 2178.71 
0 0 5.75684 49.3506 -26.1914 0 0 0 5.75684 49.3506 -26.1914 0 -100.327 22.5 -100.327 22.5 2185.01 
0 0 5.22949 49.2627 -25.7959 0 0 0 5.22949 49.2627 -25.7959 0 -100.283 21.7529 -100.283 21.7529 2191.7 
0 0 4.35059 49.1309 -25.3564 0 0 0 4.35059 49.1309 -25.3564 0 -100.107 21.0938 -100.107 21.0938 2198.01 
0 0 3.73535 49.1309 -25.0049 0 0 0 3.73535 49.1309 -25.0049 0 -99.9316 20.3906 -99.9316 20.3906 2204.7 
0 0 2.85645 49.043 -24.5654 0 0 0 2.85645 49.043 -24.5654 0 -99.8877 19.6875 -99.8877 19.6875 2211 
0 0 2.24121 48.9551 -24.1699 0 0 0 2.24121 48.9551 -24.1699 0 -99.8438 18.9844 -99.8438 18.9844 2217.7 
0 0 1.31836 48.8672 -23.7744 0 0 0 1.31836 48.8672 -23.7744 0 -99.7559 18.2812 -99.7559 18.2812 2224.02 
0 0 0.703125 48.7793 -23.3789 0 0 0 0.703125 48.7793 -23.3789 0 -99.7119 17.5781 -99.7119 17.5781 2230.7 
0 0 -0.175781 48.7354 -22.9834 0 0 0 -0.175781 48.7354 -22.9834 0 -99.668 16.875 -99.668 16.875 2237.01 
0 0 -0.74707 48.6475 -22.5879 0 0 0 -0.74707 48.6475 -22.5879 0 -99.624 16.1719 -99.624 16.1719 2243.7 
0 0 -1.75781 48.5156 -22.1484 0 0 0 -1.75781 48.5156 -22.1484 0 -99.5801 15.4688 -99.5801 15.4688 2250.01 
0 0 -2.28516 48.5156 -21.7529 0 0 0 -2.28516 48.5156 -21.7529 0 -99.5361 14.8096 -99.5361 14.8096 2256.7 
0 0 -3.20801 48.4277 -21.3135 0 0 0 -3.20801 48.4277 -21.3135 0 -99.4482 14.0625 -99.4482 14.0625 2262.99 
0 0 -3.82324 48.4277 -20.918 0 0 0 -3.82324 48.4277 -20.918 0 -99.4482 13.3594 -99.4482 13.3594 2269.69 
0 0 -4.74609 48.3838 -20.5225 0 0 0 -4.74609 48.3838 -20.5225 0 -99.4043 12.6123 -99.4043 12.6123 2275.99 
0 0 -5.27344 48.3398 -20.1709 0 0 0 -5.27344 48.3398 -20.1709 0 -99.3604 11.9092 -99.3604 11.9092 2282.68 
0 0 -6.15234 48.3398 -19.7754 0 0 0 -6.15234 48.3398 -19.7754 0 -99.3164 11.25 -99.3164 11.25 2288.98 
0 0 -6.72363 48.252 -19.3799 0 0 0 -6.72363 48.252 -19.3799 0 -99.3164 10.5908 -99.3164 10.5908 2295.69 
0 0 -7.60254 48.252 -18.9844 0 0 0 -7.60254 48.252 -18.9844 0 -99.3164 9.84375 -99.3164 9.84375 2301.98 
0 0 -8.17383 48.208 -18.5889 0 0 0 -8.17383 48.208 -18.5889 0 -99.3164 9.14062 -99.3164 9.14062 2308.69 
0 0 -9.00879 48.1641 -18.2373 0 0 0 -9.00879 48.1641 -18.2373 0 -99.3164 8.39355 -99.3164 8.39355 2314.97 
0 0 -9.58008 48.1641 -17.7979 0 0 0 -9.58008 48.1641 -17.7979 0 -99.2725 7.73438 -99.2725 7.73438 2321.67 
0 0 -10.415 48.1201 -17.4463 0 0 0 -10.415 48.1201 -17.4463 0 -99.3164 7.11914 -99.3164 7.11914 2327.98 
0 0 -10.9863 48.1201 -17.0068 0 0 0 -10.9863 48.1201 -17.0068 0 -99.3164 6.54785 -99.3164 6.54785 2334.66 
0 0 -11.8213 48.1201 -16.6113 0 0 0 -11.8213 48.1201 -16.6113 0 -99.2725 5.97656 -99.2725 5.97656 2340.97 
0 0 -12.3047 48.0762 -16.2598 0 0 0 -12.3047 48.0762 -16.2598 0 -99.3164 5.49316 -99.3164 5.49316 2347.66 
0 0 -13.1396 48.0762 -15.8643 0 0 0 -13.1396 48.0762 -15.8643 0 -99.2725 4.96582 -99.2725 4.96582 2353.98 
0 0 -13.623 48.0762 -15.4688 0 0 0 -13.623 48.0762 -15.4688 0 -99.2725 4.43848 -99.2725 4.43848 2360.67 
0 0 -14.3701 48.0762 -15.1172 0 0 0 -14.3701 48.0762 -15.1172 0 -99.3164 3.99902 -99.3164 3.99902 2366.96 
0 0 -14.8096 48.0762 -14.6777 0 0 0 -14.8096 48.0762 -14.6777 0 -99.2725 3.55957 -99.2725 3.55957 2373.66 
0 0 -15.5566 48.0322 -14.3262 0 0 0 -15.5566 48.0322 -14.3262 0 -99.3164 3.25195 -99.3164 3.25195 2379.96 
0 0 -15.9961 48.0762 -14.0186 0 0 0 -15.9961 48.0762 -14.0186 0 -99.2285 2.98828 -99.2285 2.98828 2386.65 
0 0 -16.7871 48.0762 -13.623 0 0 0 -16.7871 48.0762 -13.623 0 -99.2725 2.72461 -99.2725 2.72461 2392.96 
0 0 -17.2705 48.0322 -13.2275 0 0 0 -17.2705 48.0322 -13.2275 0 -99.2725 2.59277 -99.2725 2.59277 2399.65 
0 0 -17.9736 47.9883 -12.832 0 0 0 -17.9736 47.9883 -12.832 0 -99.2725 2.46094 -99.2725 2.46094 2405.96 
0 0 -18.4131 48.0322 -12.4365 0 0 0 -18.4131 48.0322 -12.4365 0 -99.2725 2.37305 -99.2725 2.37305 2412.65 
0 0 -19.0723 48.0322 -12.085 0 0 0 -19.0723 48.0322 -12.085 0 -99.2725 2.41699 -99.2725 2.41699 2418.96 
0 0 -19.5557 47.9883 -11.6895 0 0 0 -19.5557 47.9883 -11.6895 0 -99.2285 2.50488 -99.2285 2.50488 2425.65 
0 0 -20.2148 47.9883 -11.25 0 0 0 -20.2148 47.9883 -11.25 0 -99.1406 2.59277 -99.1406 2.59277 2431.94 
0 0 -20.6543 47.9883 -10.8105 0 0 0 -20.6543 47.9883 -10.8105 0 -99.0967 2.72461 -99.0967 2.72461 2438.64 
0 0 -21.3135 47.9883 -10.415 0 0 0 -21.3135 47.9883 -10.415 0 -98.9648 2.94434 -98.9648 2.94434 2444.95 
0 0 -21.7529 47.9883 -9.97559 0 0 0 -21.7529 47.9883 -9.97559 0 -98.9209 3.25195 -98.9209 3.25195 2451.63 
0 0 -22.4561 47.9004 -9.53613 0 0 0 -22.4561 47.9004 -9.53613 0 -98.7891 3.55957 -98.7891 3.55957 2457.94 
0 0 -22.8516 47.9443 -9.09668 0 0 0 -22.8516 47.9443 -9.09668 0 -98.6572 3.95508 -98.6572 3.95508 2464.64 
0 0 -23.5547 47.9443 -8.70117 0 0 0 -23.5547 47.9443 -8.70117 0 -98.5693 4.2627 -98.5693 4.2627 2470.93 
0 0 -24.0381 47.9883 -8.21777 0 0 0 -24.0381 47.9883 -8.21777 0 -98.4375 4.70215 -98.4375 4.70215 2477.64 
0 0 -24.7412 47.9443 -7.73438 0 0 0 -24.7412 47.9443 -7.73438 0 -98.3496 5.00977 -98.3496 5.00977 2483.93 
0 0 -25.1807 47.9883 -7.38281 0 0 0 -25.1807 47.9883 -7.38281 0 -98.2178 5.31738 -98.2178 5.31738 2490.63 
0 0 -25.8398 47.9443 -6.89941 0 0 0 -25.8398 47.9443 -6.89941 0 -98.0859 5.80078 -98.0859 5.80078 2496.92 
0 0 -26.2793 47.9883 -6.45996 0 0 0 -26.2793 47.9883 -6.45996 0 -97.998 6.19629 -97.998 6.19629 2503.63 
0 0 -26.8506 48.0322 -5.93262 0 0 0 -26.8506 48.0322 -5.93262 0 -97.8223 6.67969 -97.8223 6.67969 2509.94 
0 0 -27.1582 48.1201 -5.44922 0 0 0 -27.1582 48.1201 -5.44922 0 -97.7783 7.20703 -97.7783 7.20703 2516.63 
0 0 -27.6855 48.1641 -5.00977 0 0 0 -27.6855 48.1641 -5.00977 0 -97.6025 7.69043 -97.6025 7.69043 2522.93 
0 0 -28.0371 48.2959 -4.48242 0 0 0 -28.0371 48.2959 -4.48242 0 -97.5146 8.17383 -97.5146 8.17383 2529.62 
0 0 -28.3447 48.4277 -3.99902 0 0 0 -28.3447 48.4277 -3.99902 0 -97.3828 8.70117 -97.3828 8.70117 2535.92 
0 0 -28.5645 48.6475 -3.60352 0 0 0 -28.5645 48.6475 -3.60352 0 -97.2949 9.05273 -97.2949 9.05273 2542.62 
0 0 -28.6523 48.9551 -3.07617 0 0 0 -28.6523 48.9551 -3.07617 0 -97.207 9.66797 -97.207 9.66797 2548.9 
0 0 -28.8721 49.2627 -2.63672 0 0 0 -28.8721 49.2627 -2.63672 0 -97.0752 10.0635 -97.0752 10.0635 2555.59 
0 0 -29.0479 49.5703 -2.10938 0 0 0 -29.0479 49.5703 -2.10938 0 -96.8994 10.6787 -96.8994 10.6787 2561.94 
0 0 -29.2676 49.9658 -1.58203 0 0 0 -29.2676 49.9658 -1.58203 0 -96.8115 11.1621 -96.8115 11.1621 2568.61 
0 0 -29.3994 50.4492 -1.05469 0 0 0 -29.3994 50.4492 -1.05469 0 -96.7236 11.8213 -96.7236 11.8213 2574.89 
0 0 -29.5312 50.8887 -0.527344 0 0 0 -29.5312 50.8887 -0.527344 0 -96.6357 12.3486 -96.6357 12.3486 2581.6 
0 0 -29.5752 51.3281 0 0 0 0 -29.5752 51.3281 0 0 -96.5918 12.876 -96.5918 12.876 2587.91 
0 0 -29.6631 51.6797 0.527344 0 0 0 -29.6631 51.6797 0.527344 0 -96.5039 13.4033 -96.5039 13.4033 2594.6 
0 0 -29.751 52.0752 1.05469 0 0 0 -29.751 52.0752 1.05469 0 -96.416 13.9746 -96.416 13.9746 2600.9 
0 0 -29.8389 52.4707 1.53809 0 0 0 -29.8389 52.4707 1.53809 0 -96.3281 14.502 -96.3281 14.502 2607.58 
0 0 -29.9268 52.9541 2.06543 0 0 0 -29.9268 52.9541 2.06543 0 -96.1523 15.0732 -96.1523 15.0732 2613.89 
0 0 -29.9268 53.3936 2.54883 0 0 0 -29.9268 53.3936 2.54883 0 -96.0205 15.6445 -96.0205 15.6445 2620.59 
0 0 -30.0146 53.877 3.07617 0 0 0 -30.0146 53.877 3.07617 0 -95.8447 16.2158 -95.8447 16.2158 2626.87 
0 0 -30.0146 54.3604 3.55957 0 0 0 -30.0146 54.3604 3.55957 0 -95.7129 16.7432 -95.7129 16.7432 2633.58 
0 0 -29.9707 54.8438 4.04297 0 0 0 -29.9707 54.8438 4.04297 0 -95.5811 17.3584 -95.5811 17.3584 2639.91 
0 0 -30.0586 55.3271 4.57031 0 0 0 -30.0586 55.3271 4.57031 0 -95.4053 17.7979 -95.4053 17.7979 2646.59 
0 0 -30.0586 55.8105 5.1416 0 0 0 -30.0586 55.8105 5.1416 0 -95.1855 18.1934 -95.1855 18.1934 2652.88 
0 0 -30.0146 56.3379 5.66895 0 0 0 -30.0146 56.3379 5.66895 0 -95.0098 18.5449 -95.0098 18.5449 2659.58 
0 0 -29.9707 56.9092 6.19629 0 0 0 -29.9707 56.9092 6.19629 0 -94.9219 18.9404 -94.9219 18.9404 2665.88 
0 0 -29.9707 57.3926 6.72363 0 0 0 -29.9707 57.3926 6.72363 0 -94.7461 19.248 -94.7461 19.248 2672.58 
0 0 -29.8828 57.9639 7.29492 0 0 0 -29.8828 57.9639 7.29492 0 -94.5703 19.5557 -94.5703 19.5557 2678.88 
0 0 -29.8389 58.4473 7.86621 0 0 0 -29.8389 58.4473 7.86621 0 -94.5264 19.7314 -94.5264 19.7314 2685.59 
0 0 -29.8389 58.9746 8.48145 0 0 0 -29.8389 58.9746 8.48145 0 -94.3945 19.9072 -94.3945 19.9072 2691.91 
0 0 -29.7949 59.458 9.00879 0 0 0 -29.7949 59.458 9.00879 0 -94.2627 19.9512 -94.2627 19.9512 2698.58 
0 0 -29.8389 60.0732 9.62402 0 0 0 -29.8389 60.0732 9.62402 0 -94.1748 20.0391 -94.1748 20.0391 2704.91 
0 0 -29.8389 60.6006 10.1953 0 0 0 -29.8389 60.6006 10.1953 0 -94.1309 20.0391 -94.1309 20.0391 2711.57 
0 0 -29.7949 61.2158 10.8105 0 0 0 -29.7949 61.2158 10.8105 0 -94.043 20.0391 -94.043 20.0391 2717.86 
0 0 -29.8389 61.7871 11.3818 0 0 0 -29.8389 61.7871 11.3818 0 -94.043 19.9951 -94.043 19.9951 2724.55 
0 0 -29.8389 62.4023 11.9971 0 0 0 -29.8389 62.4023 11.9971 0 -93.999 19.9512 -93.999 19.9512 2730.86 
0 0 -29.8389 62.8418 12.5684 0 0 0 -29.8389 62.8418 12.5684 0 -94.043 19.9072 -94.043 19.9072 2737.6 
0 0 -29.8389 63.501 13.1836 0 0 0 -29.8389 63.501 13.1836 0 -93.9551 19.8633 -93.9551 19.8633 2743.95 
0 0 -29.8389 64.1602 13.7988 0 0 0 -29.8389 64.1602 13.7988 0 -93.9551 19.8193 -93.9551 19.8193 2750.55 
0 0 -29.7949 64.7314 14.4141 0 0 0 -29.7949 64.7314 14.4141 0 -93.999 19.7314 -93.999 19.7314 2756.86 
0 0 -29.8389 65.2588 14.9854 0 0 0 -29.8389 65.2588 14.9854 0 -93.9111 19.6436 -93.9111 19.6436 2763.54 
0 0 -29.7949 65.874 15.6885 0 0 0 -29.7949 65.874 15.6885 0 -93.9551 19.5996 -93.9551 19.5996 2769.86 
0 0 -29.7949 66.4453 16.3037 0 0 0 -29.7949 66.4453 16.3037 0 -93.9551 19.5117 -93.9551 19.5117 2776.55 
0 0 -29.8389 67.0166 16.9189 0 0 0 -29.8389 67.0166 16.9189 0 -93.9551 19.4678 -93.9551 19.4678 2782.86 
0 0 -29.8389 67.4561 17.5781 0 0 0 -29.8389 67.4561 17.5781 0 -93.9111 19.292 -93.9111 19.292 2789.56 
0 0 -29.8828 68.0713 18.1934 0 0 0 -29.8828 68.0713 18.1934 0 -93.9551 19.2041 -93.9551 19.2041 2795.86 
0 0 -29.9268 68.5986 18.8086 0 0 0 -29.9268 68.5986 18.8086 0 -93.9111 19.0283 -93.9111 19.0283 2802.54 
0 0 -29.9268 69.2139 19.5117 0 0 0 -29.9268 69.2139 19.5117 0 -93.9551 18.8965 -93.9551 18.8965 2808.84 
0 0 -29.8828 69.7412 20.1709 0 0 0 -29.8828 69.7412 20.1709 0 -93.9551 18.6768 -93.9551 18.6768 2815.55 
0 0 -29.9268 70.3564 20.918 0 0 0 -29.9268 70.3564 20.918 0 -93.9551 18.457 -93.9551 18.457 2821.86 
0 0 -29.9707 70.8838 21.5332 0 0 0 -29.9707 70.8838 21.5332 0 -93.999 18.1934 -93.999 18.1934 2828.55 
0 0 -30.0146 71.4111 22.2803 0 0 0 -30.0146 71.4111 22.2803 0 -94.043 17.9297 -94.043 17.9297 2834.84 
0 0 -30.0586 71.9824 22.9834 0 0 0 -30.0586 71.9824 22.9834 0 -94.043 17.6221 -94.043 17.6221 2841.53 
0 0 -30.0586 72.6416 23.6426 0 0 0 -30.0586 72.6416 23.6426 0 -94.0869 17.3584 -94.0869 17.3584 2847.84 
0 0 -30.0586 73.1689 24.3018 0 0 0 -30.0586 73.1689 24.3018 0 -94.043 17.0508 -94.043 17.0508 2854.53 
0 0 -30.1025 73.7402 25.0488 0 0 0 -30.1025 73.7402 25.0488 0 -94.043 16.7432 -94.043 16.7432 2860.83 
0 0 -30.1025 74.3115 25.752 0 0 0 -30.1025 74.3115 25.752 0 -94.043 16.3916 -94.043 16.3916 2867.52 
0 0 -30.1465 74.9268 26.4551 0 0 0 -30.1465 74.9268 26.4551 0 -94.0869 16.04 -94.0869 16.04 2873.83 
0 0 -30.1465 75.498 27.1143 0 0 0 -30.1465 75.498 27.1143 0 -94.043 15.6885 -94.043 15.6885 2880.51 
0 0 -30.1025 76.1133 27.8174 0 0 0 -30.1025 76.1133 27.8174 0 -94.0869 15.3809 -94.0869 15.3809 2886.83 
0 0 -30.1465 76.6406 28.5205 0 0 0 -30.1465 76.6406 28.5205 0 -94.0869 15.0732 -94.0869 15.0732 2893.51 
0 0 -30.1025 77.2559 29.2236 0 0 0 -30.1025 77.2559 29.2236 0 -94.0869 14.7656 -94.0869 14.7656 2899.82 
0 0 -30.1465 77.8271 29.9707 0 0 0 -30.1465 77.8271 29.9707 0 -94.0869 14.458 -94.0869 14.458 2906.5 
0 0 -30.1904 78.3984 30.6738 0 0 0 -30.1904 78.3984 30.6738 0 -94.0869 14.1504 -94.0869 14.1504 2912.8 
0 0 -30.2344 79.4971 32.0361 0 0 0 -30.2344 79.4971 32.0361 0 -94.0869 13.5791 -94.0869 13.5791 2924.88 
0 0 -30.2344 80.6836 33.4863 0 0 0 -30.2344 80.6836 33.4863 0 -94.0869 13.2715 -94.0869 13.2715 2939.72 
0 0 -30.2783 81.3428 34.2773 0 0 0 -30.2783 81.3428 34.2773 0 -94.0869 13.0518 -94.0869 13.0518 2946.49 
0 0 -30.2344 81.958 35.0244 0 0 0 -30.2344 81.958 35.0244 0 -94.0869 12.9199 -94.0869 12.9199 2952.8 
0 0 -30.1904 82.4854 35.7275 0 0 0 -30.1904 82.4854 35.7275 0 -94.0869 12.7441 -94.0869 12.7441 2959.51 
0 0 -30.2344 83.0566 36.3428 0 0 0 -30.2344 83.0566 36.3428 0 -94.0869 12.6123 -94.0869 12.6123 2965.78 
0 0 -30.2783 83.6279 37.002 0 0 0 -30.2783 83.6279 37.002 0 -94.0869 12.4365 -94.0869 12.4365 2972.49 
0 0 -30.1904 84.1553 37.749 0 0 0 -30.1904 84.1553 37.749 0 -94.0869 12.3047 -94.0869 12.3047 2978.77 
0 0 -30.2344 84.6387 38.3643 0 0 0 -30.2344 84.6387 38.3643 0 -94.0869 12.1289 -94.0869 12.1289 2985.49 
0 0 -30.2783 85.1221 39.0234 0 0 0 -30.2783 85.1221 39.0234 0 -94.0869 11.9971 -94.0869 11.9971 2991.77 
0 0 -30.2344 85.6494 39.7266 0 0 0 -30.2344 85.6494 39.7266 0 -94.043 11.8213 -94.043 11.8213 2998.5 
0 0 -30.2344 86.1328 40.4297 0 0 0 -30.2344 86.1328 40.4297 0 -94.043 11.7334 -94.043 11.7334 3004.75 
0 0 -30.1904 86.5723 41.001 0 0 0 -30.1904 86.5723 41.001 0 -93.9551 11.4697 -93.9551 11.4697 3011.46 
0 0 -30.2344 87.0557 41.6602 0 0 0 -30.2344 87.0557 41.6602 0 -93.9551 11.3379 -93.9551 11.3379 3017.78 
0 0 -30.2344 87.4951 42.2314 0 0 0 -30.2344 87.4951 42.2314 0 -93.9551 11.1621 -93.9551 11.1621 3024.47 
0 0 -30.2344 87.9346 42.8467 0 0 0 -30.2344 87.9346 42.8467 0 -93.9551 11.0303 -93.9551 11.0303 3030.74 
0 0 -30.2344 88.3301 43.4619 0 0 0 -30.2344 88.3301 43.4619 0 -93.9551 10.8545 -93.9551 10.8545 3039.32 
0 0 -30.2344 88.9014 44.2969 0 0 0 -30.2344 88.9014 44.2969 0 -93.9551 10.6348 -93.9551 10.6348 3045.85 
0 0 -30.2344 89.2969 44.7803 0 0 0 -30.2344 89.2969 44.7803 0 -93.9551 10.459 -93.9551 10.459 3052.52 
0 0 -30.2344 89.6484 45.3516 0 0 0 -30.2344 89.6484 45.3516 0 -93.9551 10.3271 -93.9551 10.3271 3058.74 
0 0 -30.2783 90 45.8789 0 0 0 -30.2783 90 45.8789 0 -93.9111 10.1514 -93.9111 10.1514 3065.44 
0 0 -30.2783 90.3516 46.3623 0 0 0 -30.2783 90.3516 46.3623 0 -93.9111 9.97559 -93.9111 9.97559 3071.73 
0 0 -30.2783 90.6592 46.8457 0 0 0 -30.2783 90.6592 46.8457 0 -93.8672 9.8877 -93.8672 9.8877 3078.44 
0 0 -30.3223 90.9668 47.373 0 0 0 -30.3223 90.9668 47.373 0 -93.8672 9.7998 -93.8672 9.7998 3084.73 
0 0 -30.3662 91.2744 47.8564 0 0 0 -30.3662 91.2744 47.8564 0 -93.7793 9.71191 -93.7793 9.71191 3091.45 
0 0 -30.3662 91.5381 48.2959 0 0 0 -30.3662 91.5381 48.2959 0 -93.6914 9.75586 -93.6914 9.75586 3097.73 
0 0 -30.3662 91.8018 48.6914 0 0 0 -30.3662 91.8018 48.6914 0 -93.6035 9.84375 -93.6035 9.84375 3104.45 
0 0 -30.4541 92.0215 49.1748 0 0 0 -30.4541 92.0215 49.1748 0 -93.5156 9.97559 -93.5156 9.97559 3110.73 
0 0 -30.4541 92.2412 49.5264 0 0 0 -30.4541 92.2412 49.5264 0 -93.4717 10.1074 -93.4717 10.1074 3117.44 
0 0 -30.498 92.4609 49.9658 0 0 0 -30.498 92.4609 49.9658 0 -93.3398 10.2832 -93.3398 10.2832 3123.72 
0 0 -30.542 92.6807 50.2734 0 0 0 -30.542 92.6807 50.2734 0 -93.208 10.459 -93.208 10.459 3130.44 
0 0 -30.5859 92.9004 50.7129 0 0 0 -30.5859 92.9004 50.7129 0 -93.0762 10.7227 -93.0762 10.7227 3136.73 
0 0 -30.542 93.0762 51.0645 0 0 0 -30.542 93.0762 51.0645 0 -92.9004 10.9424 -92.9004 10.9424 3143.43 
0 0 -30.5859 93.252 51.416 0 0 0 -30.5859 93.252 51.416 0 -92.7686 11.1182 -92.7686 11.1182 3149.72 
0 0 -30.6738 93.4277 51.7236 0 0 0 -30.6738 93.4277 51.7236 0 -92.5488 11.3379 -92.5488 11.3379 3156.43 
0 0 -30.7178 93.5596 52.1191 0 0 0 -30.7178 93.5596 52.1191 0 -92.373 11.5576 -92.373 11.5576 3162.7 
0 0 -30.7178 93.7354 52.4268 0 0 0 -30.7178 93.7354 52.4268 0 -92.2412 11.8213 -92.2412 11.8213 3169.42 
0 0 -30.7178 93.8232 52.7344 0 0 0 -30.7178 93.8232 52.7344 0 -92.0215 11.9971 -92.0215 11.9971 3175.73 
0 0 -30.8057 93.9551 53.0859 0 0 0 -30.8057 93.9551 53.0859 0 -91.8896 12.2168 -91.8896 12.2168 3182.51 
0 0 -30.8496 94.0869 53.3936 0 0 0 -30.8496 94.0869 53.3936 0 -91.7139 12.4805 -91.7139 12.4805 3188.83 
0 0 -30.8936 94.1748 53.6572 0 0 0 -30.8936 94.1748 53.6572 0 -91.4502 12.7441 -91.4502 12.7441 3195.59 
0 0 -30.9375 94.2188 53.9209 0 0 0 -30.9375 94.2188 53.9209 0 -91.1865 13.0078 -91.1865 13.0078 3202.07 
0 0 -30.9814 94.3066 54.2285 0 0 0 -30.9814 94.3066 54.2285 0 -90.9668 13.3154 -90.9668 13.3154 3208.91 
0 0 -31.0693 94.3945 54.4482 0 0 0 -31.0693 94.3945 54.4482 0 -90.6592 13.5352 -90.6592 13.5352 3215.51 
0 0 -31.1133 94.3945 54.7119 0 0 0 -31.1133 94.3945 54.7119 0 -90.3516 13.7549 -90.3516 13.7549 3221.81 
0 0 -31.1572 94.4385 54.8877 0 0 0 -31.1572 94.4385 54.8877 0 -90.0879 13.9746 -90.0879 13.9746 3228.51 
0 0 -31.2451 94.5264 55.1514 0 0 0 -31.2451 94.5264 55.1514 0 -89.7803 14.1943 -89.7803 14.1943 3234.8 
0 0 -31.2891 94.5703 55.3271 0 0 0 -31.2891 94.5703 55.3271 0 -89.4727 14.4141 -89.4727 14.4141 3241.51 
0 0 -31.377 94.6143 55.5469 0 0 0 -31.377 94.6143 55.5469 0 -89.0771 14.5898 -89.0771 14.5898 3247.8 
0 0 -31.4209 94.6143 55.6787 0 0 0 -31.4209 94.6143 55.6787 0 -88.7695 14.6338 -88.7695 14.6338 3254.5 
0 0 -31.5088 94.6582 55.8545 0 0 0 -31.5088 94.6582 55.8545 0 -88.374 14.6777 -88.374 14.6777 3260.81 
0 0 -31.5527 94.7021 56.0742 0 0 0 -31.5527 94.7021 56.0742 0 -88.0664 14.7656 -88.0664 14.7656 3267.51 
0 0 -31.5967 94.79 56.25 0 0 0 -31.5967 94.79 56.25 0 -87.6709 14.8096 -87.6709 14.8096 3274.43 
0 0 -31.6846 94.8779 56.5137 0 0 0 -31.6846 94.8779 56.5137 0 -87.2754 14.7656 -87.2754 14.7656 3280.7 
0 0 -31.7285 94.9219 56.7334 0 0 0 -31.7285 94.9219 56.7334 0 -87.0557 14.7656 -87.0557 14.7656 3287.41 
0 0 -31.7725 95.0098 56.9092 0 0 0 -31.7725 95.0098 56.9092 0 -86.6602 14.7217 -86.6602 14.7217 3293.72 
0 0 -31.8604 95.0537 57.085 0 0 0 -31.8604 95.0537 57.085 0 -86.3086 14.6338 -86.3086 14.6338 3300.41 
0 0 -31.9043 95.0977 57.3047 0 0 0 -31.9043 95.0977 57.3047 0 -86.001 14.5898 -86.001 14.5898 3306.79 
0 0 -31.9482 95.1855 57.4805 0 0 0 -31.9482 95.1855 57.4805 0 -85.7373 14.5459 -85.7373 14.5459 3313.49 
0 0 -32.0361 95.2734 57.6562 0 0 0 -32.0361 95.2734 57.6562 0 -85.4297 14.458 -85.4297 14.458 3319.7 
0 0 -32.0801 95.3174 57.876 0 0 0 -32.0801 95.3174 57.876 0 -85.1221 14.3262 -85.1221 14.3262 3326.43 
0 0 -32.168 95.3613 58.0957 0 0 0 -32.168 95.3613 58.0957 0 -84.7266 14.1943 -84.7266 14.1943 3332.7 
0 0 -32.2119 95.4053 58.2715 0 0 0 -32.2119 95.4053 58.2715 0 -84.375 14.1064 -84.375 14.1064 3339.43 
0 0 -32.3438 95.4932 58.4912 0 0 0 -32.3438 95.4932 58.4912 0 -83.9795 13.8867 -83.9795 13.8867 3345.72 
0 0 -32.3877 95.5371 58.7109 0 0 0 -32.3877 95.5371 58.7109 0 -83.7158 13.7549 -83.7158 13.7549 3352.63 
0 0 -32.4316 95.5811 58.9746 0 0 0 -32.4316 95.5811 58.9746 0 -83.3643 13.4912 -83.3643 13.4912 3359.44 
0 0 -32.5195 95.625 59.2822 0 0 0 -32.5195 95.625 59.2822 0 -82.9688 13.3154 -82.9688 13.3154 3365.81 
0 0 -32.5195 95.7129 59.502 0 0 0 -32.5195 95.7129 59.502 0 -82.7051 13.0957 -82.7051 13.0957 3373.1 
0 0 -32.5635 95.8447 59.8535 0 0 0 -32.5635 95.8447 59.8535 0 -82.2656 12.7881 -82.2656 12.7881 3379.61 
0 0 -32.5635 95.9326 60.1172 0 0 0 -32.5635 95.9326 60.1172 0 -81.9141 12.6123 -81.9141 12.6123 3386.64 
0 0 -32.6074 96.0205 60.4688 0 0 0 -32.6074 96.0205 60.4688 0 -81.5625 12.3486 -81.5625 12.3486 3393.45 
0 0 -32.6514 96.1084 60.7764 0 0 0 -32.6514 96.1084 60.7764 0 -81.167 12.2168 -81.167 12.2168 3399.8 
0 0 -32.6514 96.1963 61.1279 0 0 0 -32.6514 96.1963 61.1279 0 -80.8154 12.1289 -80.8154 12.1289 3406.69 
0 0 -32.6514 96.2402 61.4795 0 0 0 -32.6514 96.2402 61.4795 0 -80.4199 11.9092 -80.4199 11.9092 3413.59 
0 0 -32.6514 96.3281 61.8311 0 0 0 -32.6514 96.3281 61.8311 0 -79.9365 11.6895 -79.9365 11.6895 3420.35 
0 0 -32.6514 96.416 62.1387 0 0 0 -32.6514 96.416 62.1387 0 -79.4531 11.6016 -79.4531 11.6016 3426.62 
0 0 -32.6514 96.46 62.4463 0 0 0 -32.6514 96.46 62.4463 0 -79.0576 11.4258 -79.0576 11.4258 3433.43 
0 0 -32.6514 96.5479 62.8857 0 0 0 -32.6514 96.5479 62.8857 0 -78.4863 11.2939 -78.4863 11.2939 3439.71 
0 0 -32.6074 96.6357 63.1934 0 0 0 -32.6074 96.6357 63.1934 0 -78.0029 11.1621 -78.0029 11.1621 3446.35 
0 0 -32.5635 96.7236 63.501 0 0 0 -32.5635 96.7236 63.501 0 -77.5195 10.9424 -77.5195 10.9424 3452.63 
0 0 -32.5195 96.7676 63.8086 0 0 0 -32.5195 96.7676 63.8086 0 -76.9482 10.7666 -76.9482 10.7666 3459.36 
0 0 -32.5195 96.8555 64.2041 0 0 0 -32.5195 96.8555 64.2041 0 -76.377 10.415 -76.377 10.415 3465.63 
0 0 -32.4756 96.9434 64.6875 0 0 0 -32.4756 96.9434 64.6875 0 -75.5859 9.93164 -75.5859 9.93164 3476.6 
0 0 -32.4756 97.0752 64.9072 0 0 0 -32.4756 97.0752 64.9072 0 -75.1465 9.62402 -75.1465 9.62402 3483.33 
0 0 -32.4756 97.0752 65.2148 0 0 0 -32.4756 97.0752 65.2148 0 -74.6191 9.36035 -74.6191 9.36035 3489.86 
0 0 -32.3438 97.1631 65.4785 0 0 0 -32.3438 97.1631 65.4785 0 -74.0918 8.96484 -74.0918 8.96484 3496.42 
0 0 -32.3438 97.251 65.7422 0 0 0 -32.3438 97.251 65.7422 0 -73.6084 8.65723 -73.6084 8.65723 3502.73 
0 0 -32.3438 97.2949 66.0059 0 0 0 -32.3438 97.2949 66.0059 0 -73.1689 8.26172 -73.1689 8.26172 3509.41 
0 0 -32.2119 97.4268 66.2695 0 0 0 -32.2119 97.4268 66.2695 0 -72.6416 7.86621 -72.6416 7.86621 3515.69 
0 0 -32.168 97.4707 66.4893 0 0 0 -32.168 97.4707 66.4893 0 -72.1582 7.51465 -72.1582 7.51465 3522.33 
0 0 -32.168 97.5586 66.7529 0 0 0 -32.168 97.5586 66.7529 0 -71.5869 7.03125 -71.5869 7.03125 3528.61 
0 0 -32.124 97.6465 66.9727 0 0 0 -32.124 97.6465 66.9727 0 -71.1035 6.54785 -71.1035 6.54785 3535.32 
0 0 -32.0801 97.7344 67.2363 0 0 0 -32.0801 97.7344 67.2363 0 -70.5762 6.02051 -70.5762 6.02051 3541.61 
0 0 -32.0801 97.8662 67.4121 0 0 0 -32.0801 97.8662 67.4121 0 -70.1367 5.53711 -70.1367 5.53711 3548.31 
0 0 -32.0361 97.9541 67.6758 0 0 0 -32.0361 97.9541 67.6758 0 -69.6533 5.00977 -69.6533 5.00977 3554.6 
0 0 -31.9922 98.0859 67.8955 0 0 0 -31.9922 98.0859 67.8955 0 -69.2578 4.52637 -69.2578 4.52637 3561.33 
0 0 -31.9922 98.2178 68.1152 0 0 0 -31.9922 98.2178 68.1152 0 -68.8184 3.99902 -68.8184 3.99902 3567.58 
0 0 -31.9482 98.3936 68.3789 0 0 0 -31.9482 98.3936 68.3789 0 -68.3789 3.51562 -68.3789 3.51562 3574.31 
0 0 -31.9482 98.5254 68.5986 0 0 0 -31.9482 98.5254 68.5986 0 -67.9834 2.94434 -67.9834 2.94434 3580.58 
0 0 -31.9043 98.6572 68.8623 0 0 0 -31.9043 98.6572 68.8623 0 -67.6318 2.50488 -67.6318 2.50488 3587.3 
0 0 -31.8604 98.833 69.0381 0 0 0 -31.8604 98.833 69.0381 0 -67.2803 2.02148 -67.2803 2.02148 3593.57 
0 0 -31.8604 98.9648 69.3018 0 0 0 -31.8604 98.9648 69.3018 0 -66.9727 1.58203 -66.9727 1.58203 3600.29 
0 0 -31.8164 99.1406 69.5654 0 0 0 -31.8164 99.1406 69.5654 0 -66.6211 1.09863 -66.6211 1.09863 3606.57 
0 0 -31.8164 99.2725 69.7412 0 0 0 -31.8164 99.2725 69.7412 0 -66.3574 0.74707 -66.3574 0.74707 3613.38 
0 0 -31.7285 99.4043 69.9609 0 0 0 -31.7285 99.4043 69.9609 0 -66.0498 0.395508 -66.0498 0.395508 3619.58 
0 0 -31.7285 99.5361 70.2246 0 0 0 -31.7285 99.5361 70.2246 0 -65.7861 0.131836 -65.7861 0.131836 3626.3 
0 0 -31.6846 99.7119 70.4883 0 0 0 -31.6846 99.7119 70.4883 0 -65.4785 0.175781 -65.4785 0.175781 3632.58 
0 0 -31.6406 99.7998 70.752 0 0 0 -31.6406 99.7998 70.752 0 -65.2148 0.175781 -65.2148 0.175781 3639.29 
0 0 -31.6406 99.9756 71.0156 0 0 0 -31.6406 99.9756 71.0156 0 -64.9951 0.175781 -64.9951 0.175781 3645.57 
0 0 -31.5527 100.107 71.2354 0 0 0 -31.5527 100.107 71.2354 0 -64.7754 0.131836 -64.7754 0.131836 3652.29 
0 0 -31.4648 100.239 71.543 0 0 0 -31.4648 100.239 71.543 0 -64.5996 0.131836 -64.5996 0.131836 3658.56 
0 0 -31.4648 100.327 71.8066 0 0 0 -31.4648 100.327 71.8066 0 -64.3799 0.131836 -64.3799 0.131836 3665.28 
0 0 -31.377 100.547 72.1143 0 0 0 -31.377 100.547 72.1143 0 -64.2041 0.131836 -64.2041 0.131836 3671.57 
0 0 -31.333 100.635 72.29 0 0 0 -31.333 100.635 72.29 0 -64.0283 0.131836 -64.0283 0.131836 3678.27 
0 0 -31.2451 100.811 72.6416 0 0 0 -31.2451 100.811 72.6416 0 -63.9404 0.131836 -63.9404 0.131836 3685.27 
0 0 -31.1572 100.898 72.8174 0 0 0 -31.1572 100.898 72.8174 0 -63.7646 0.131836 -63.7646 0.131836 3691.55 
0 0 -31.1133 100.986 73.0811 0 0 0 -31.1133 100.986 73.0811 0 -63.5889 0.175781 -63.5889 0.175781 3698.27 
0 0 -30.9814 101.118 73.3887 0 0 0 -30.9814 101.118 73.3887 0 -63.501 0.175781 -63.501 0.175781 3704.56 
0 0 -30.9375 101.294 73.6523 0 0 0 -30.9375 101.294 73.6523 0 -63.3691 0.219727 -63.3691 0.219727 3711.28 
0 0 -30.7617 101.382 73.8721 0 0 0 -30.7617 101.382 73.8721 0 -63.2812 0.263672 -63.2812 0.263672 3717.57 
0 0 -30.6299 101.47 74.1357 0 0 0 -30.6299 101.47 74.1357 0 -63.1934 0.263672 -63.1934 0.263672 3724.28 
0 0 -30.4541 101.602 74.3115 0 0 0 -30.4541 101.602 74.3115 0 -63.0176 0.351562 -63.0176 0.351562 3730.55 
0 0 -30.2344 101.689 74.6631 0 0 0 -30.2344 101.689 74.6631 0 -62.8857 0.439453 -62.8857 0.439453 3738.65 
0 0 -30.0146 101.733 74.7949 0 0 0 -30.0146 101.733 74.7949 0 -62.7979 0.483398 -62.7979 0.483398 3745.46 
0 0 -29.8828 101.821 75.0146 0 0 0 -29.8828 101.821 75.0146 0 -62.71 0.571289 -62.71 0.571289 3752.99 
0 0 -29.5752 101.909 75.1904 0 0 0 -29.5752 101.909 75.1904 0 -62.666 0.65918 -62.666 0.65918 3759.51 
0 0 -29.3115 101.997 75.3662 0 0 0 -29.3115 101.997 75.3662 0 -62.5342 0.791016 -62.5342 0.791016 3766.27 
0 0 -29.0918 102.041 75.498 0 0 0 -29.0918 102.041 75.498 0 -62.4463 0.922852 -62.4463 0.922852 3772.56 
0 0 -28.8721 102.129 75.6738 0 0 0 -28.8721 102.129 75.6738 0 -62.3584 1.14258 -62.3584 1.14258 3779.33 
0 0 -28.4766 102.173 75.8057 0 0 0 -28.4766 102.173 75.8057 0 -62.1387 1.4502 -62.1387 1.4502 3785.57 
0 0 -28.2568 102.173 75.9375 0 0 0 -28.2568 102.173 75.9375 0 -62.0068 1.66992 -62.0068 1.66992 3792.32 
0 0 -27.8613 102.173 76.0254 0 0 0 -27.8613 102.173 76.0254 0 -61.8311 2.06543 -61.8311 2.06543 3798.54 
0 0 -27.5977 102.217 76.1572 0 0 0 -27.5977 102.217 76.1572 0 -61.7432 2.41699 -61.7432 2.41699 3805.23 
0 0 -27.1582 102.217 76.2012 0 0 0 -27.1582 102.217 76.2012 0 -61.5234 2.94434 -61.5234 2.94434 3811.5 
0 0 -26.8945 102.217 76.333 0 0 0 -26.8945 102.217 76.333 0 -61.3477 3.38379 -61.3477 3.38379 3818.21 
0 0 -26.4551 102.217 76.377 0 0 0 -26.4551 102.217 76.377 0 -61.1719 3.86719 -61.1719 3.86719 3824.52 
0 0 -26.1475 102.261 76.4209 0 0 0 -26.1475 102.261 76.4209 0 -60.9961 4.21875 -60.9961 4.21875 3831.23 
0 0 -25.6641 102.261 76.4648 0 0 0 -25.6641 102.261 76.4648 0 -60.7324 4.52637 -60.7324 4.52637 3837.55 
0 0 -25.2686 102.261 76.5088 0 0 0 -25.2686 102.261 76.5088 0 -60.5566 4.83398 -60.5566 4.83398 3844.32 
0 0 -24.8291 102.261 76.5088 0 0 0 -24.8291 102.261 76.5088 0 -60.3369 5.27344 -60.3369 5.27344 3851.33 
0 0 -24.3896 102.305 76.5088 0 0 0 -24.3896 102.305 76.5088 0 -60.1611 5.625 -60.1611 5.625 3857.53 
0 0 -24.0381 102.305 76.5527 0 0 0 -24.0381 102.305 76.5527 0 -59.9414 5.93262 -59.9414 5.93262 3864.23 
0 0 -23.5107 102.305 76.5527 0 0 0 -23.5107 102.305 76.5527 0 -59.7217 6.28418 -59.7217 6.28418 3870.51 
0 0 -23.1152 102.349 76.5527 0 0 0 -23.1152 102.349 76.5527 0 -59.502 6.5918 -59.502 6.5918 3877.22 
0 0 -22.5879 102.349 76.5088 0 0 0 -22.5879 102.349 76.5088 0 -59.2822 6.89941 -59.2822 6.89941 3883.5 
0 0 -22.1924 102.393 76.4648 0 0 0 -22.1924 102.393 76.4648 0 -59.1504 7.0752 -59.1504 7.0752 3890.21 
0 0 -21.5771 102.48 76.4648 0 0 0 -21.5771 102.48 76.4648 0 -58.9307 7.38281 -58.9307 7.38281 3896.5 
0 0 -21.1816 102.524 76.4209 0 0 0 -21.1816 102.524 76.4209 0 -58.667 7.60254 -58.667 7.60254 3903.22 
0 0 -20.5225 102.524 76.333 0 0 0 -20.5225 102.524 76.333 0 -58.4912 7.86621 -58.4912 7.86621 3909.62 
0 0 -20.127 102.568 76.2891 0 0 0 -20.127 102.568 76.2891 0 -58.2715 8.08594 -58.2715 8.08594 3916.29 
0 0 -19.4678 102.612 76.2012 0 0 0 -19.4678 102.612 76.2012 0 -58.0957 8.26172 -58.0957 8.26172 3922.61 
0 0 -19.0723 102.7 76.1572 0 0 0 -19.0723 102.7 76.1572 0 -57.876 8.48145 -57.876 8.48145 3929.28 
0 0 -18.4131 102.744 76.1133 0 0 0 -18.4131 102.744 76.1133 0 -57.6562 8.65723 -57.6562 8.65723 3935.5 
0 0 -17.9736 102.788 75.9814 0 0 0 -17.9736 102.788 75.9814 0 -57.4805 8.78906 -57.4805 8.78906 3942.2 
0 0 -17.2705 102.876 75.9375 0 0 0 -17.2705 102.876 75.9375 0 -57.3047 9.00879 -57.3047 9.00879 3948.5 
0 0 -16.875 102.92 75.8936 0 0 0 -16.875 102.92 75.8936 0 -57.041 9.09668 -57.041 9.09668 3955.2 
0 0 -16.084 102.964 75.8057 0 0 0 -16.084 102.964 75.8057 0 -56.8652 9.22852 -56.8652 9.22852 3961.51 
0 0 -15.6445 103.052 75.6738 0 0 0 -15.6445 103.052 75.6738 0 -56.6455 9.36035 -56.6455 9.36035 3968.2 
0 0 -14.8535 103.096 75.6299 0 0 0 -14.8535 103.096 75.6299 0 -56.3818 9.49219 -56.3818 9.49219 3974.5 
0 0 -14.3262 103.184 75.542 0 0 0 -14.3262 103.184 75.542 0 -56.1621 9.53613 -56.1621 9.53613 3981.17 
0 0 -13.5352 103.271 75.4541 0 0 0 -13.5352 103.271 75.4541 0 -55.9424 9.62402 -55.9424 9.62402 3987.49 
0 0 -12.4365 103.359 75.3223 0 0 0 -12.4365 103.359 75.3223 0 -55.5469 9.8877 -55.5469 9.8877 3998.37 
0 0 -11.7334 103.491 75.2783 0 0 0 -11.7334 103.491 75.2783 0 -55.3271 9.93164 -55.3271 9.93164 4005.18 
0 0 -11.0303 103.579 75.2344 0 0 0 -11.0303 103.579 75.2344 0 -55.0195 10.0195 -55.0195 10.0195 4012.62 
0 0 -10.1953 103.667 75.1025 0 0 0 -10.1953 103.667 75.1025 0 -54.7559 10.1074 -54.7559 10.1074 4019.34 
0 0 -9.49219 103.755 75.0146 0 0 0 -9.49219 103.755 75.0146 0 -54.4922 10.1074 -54.4922 10.1074 4026.18 
0 0 -8.74512 103.843 74.9707 0 0 0 -8.74512 103.843 74.9707 0 -54.1846 10.1953 -54.1846 10.1953 4032.48 
0 0 -8.12988 103.931 74.8828 0 0 0 -8.12988 103.931 74.8828 0 -53.9648 10.1953 -53.9648 10.1953 4039.57 
0 0 -7.0752 104.019 74.751 0 0 0 -7.0752 104.019 74.751 0 -53.6133 10.2393 -53.6133 10.2393 4046.25 
0 0 -6.28418 104.15 74.707 0 0 0 -6.28418 104.15 74.707 0 -53.3057 10.2832 -53.3057 10.2832 4052.54 
0 0 -5.71289 104.194 74.5752 0 0 0 -5.71289 104.194 74.5752 0 -53.042 10.3271 -53.042 10.3271 4059.17 
0 0 -4.6582 104.282 74.4873 0 0 0 -4.6582 104.282 74.4873 0 -52.6904 10.415 -52.6904 10.415 4065.46 
0 0 -4.08691 104.414 74.3555 0 0 0 -4.08691 104.414 74.3555 0 -52.4268 10.415 -52.4268 10.415 4072.17 
0 0 -3.03223 104.502 74.2676 0 0 0 -3.03223 104.502 74.2676 0 -52.1631 10.459 -52.1631 10.459 4078.45 
0 0 -2.41699 104.546 74.1357 0 0 0 -2.41699 104.546 74.1357 0 -51.8555 10.5469 -51.8555 10.5469 4085.18 
0 0 -1.40625 104.678 74.0479 0 0 0 -1.40625 104.678 74.0479 0 -51.5918 10.6348 -51.5918 10.6348 4091.45 
0 0 -0.703125 104.81 73.8721 0 0 0 -0.703125 104.81 73.8721 0 -51.2402 10.6787 -51.2402 10.6787 4098.24 
0 0 0.351562 104.897 73.7842 0 0 0 0.351562 104.897 73.7842 0 -50.9326 10.7666 -50.9326 10.7666 4104.46 
0 0 0.966797 105.029 73.6084 0 0 0 0.966797 105.029 73.6084 0 -50.625 10.8105 -50.625 10.8105 4111.15 
0 0 2.02148 105.161 73.5205 0 0 0 2.02148 105.161 73.5205 0 -50.2734 10.8545 -50.2734 10.8545 4117.43 
0 0 2.76855 105.205 73.4326 0 0 0 2.76855 105.205 73.4326 0 -50.0098 10.8984 -50.0098 10.8984 4124.15 
0 0 3.86719 105.337 73.3008 0 0 0 3.86719 105.337 73.3008 0 -49.6582 10.9424 -49.6582 10.9424 4130.44 
0 0 4.61426 105.381 73.1689 0 0 0 4.61426 105.381 73.1689 0 -49.3066 10.9424 -49.3066 10.9424 4137.15 
0 0 5.80078 105.513 73.0371 0 0 0 5.80078 105.513 73.0371 0 -48.9551 10.9424 -48.9551 10.9424 4143.44 
0 0 6.45996 105.688 72.9053 0 0 0 6.45996 105.688 72.9053 0 -48.6914 10.9863 -48.6914 10.9863 4150.16 
0 0 7.64648 105.82 72.7295 0 0 0 7.64648 105.82 72.7295 0 -48.3398 10.9863 -48.3398 10.9863 4156.43 
0 0 8.39355 105.864 72.5977 0 0 0 8.39355 105.864 72.5977 0 -48.0762 11.0303 -48.0762 11.0303 4163.14 
0 0 9.49219 106.084 72.4658 0 0 0 9.49219 106.084 72.4658 0 -47.6807 11.0303 -47.6807 11.0303 4169.42 
0 0 10.1953 106.128 72.334 0 0 0 10.1953 106.128 72.334 0 -47.417 11.0303 -47.417 11.0303 4176.15 
0 0 11.4258 106.304 72.2021 0 0 0 11.4258 106.304 72.2021 0 -47.0654 11.0303 -47.0654 11.0303 4182.43 
0 0 12.1729 106.392 72.0703 0 0 0 12.1729 106.392 72.0703 0 -46.7578 11.0742 -46.7578 11.0742 4189.15 
0 0 13.4473 106.567 71.9385 0 0 0 13.4473 106.567 71.9385 0 -46.5381 11.1621 -46.5381 11.1621 4195.43 
0 0 14.1504 106.655 71.8066 0 0 0 14.1504 106.655 71.8066 0 -46.2744 11.1621 -46.2744 11.1621 4202.13 
0 0 15.4248 106.875 71.6309 0 0 0 15.4248 106.875 71.6309 0 -45.9668 11.1621 -45.9668 11.1621 4208.43 
0 0 16.3916 107.007 71.543 0 0 0 16.3916 107.007 71.543 0 -45.6592 11.2061 -45.6592 11.2061 4215.29 
0 0 17.4023 107.183 71.4111 0 0 0 17.4023 107.183 71.4111 0 -45.3955 11.2061 -45.3955 11.2061 4221.53 
0 0 18.1494 107.314 71.2793 0 0 0 18.1494 107.314 71.2793 0 -45.0879 11.25 -45.0879 11.25 4228.2 
0 0 19.4238 107.49 71.1035 0 0 0 19.4238 107.49 71.1035 0 -44.8242 11.25 -44.8242 11.25 4234.44 
0 0 20.127 107.666 70.9717 0 0 0 20.127 107.666 70.9717 0 -44.5605 11.2939 -44.5605 11.2939 4241.19 
0 0 21.4014 107.798 70.7959 0 0 0 21.4014 107.798 70.7959 0 -44.2529 11.25 -44.2529 11.25 4247.72 
0 0 23.0713 108.105 70.5762 0 0 0 23.0713 108.105 70.5762 0 -43.7695 11.2939 -43.7695 11.2939 4258.31 
0 0 24.126 108.281 70.4443 0 0 0 24.126 108.281 70.4443 0 -43.5059 11.3818 -43.5059 11.3818 4270.87 
0 0 25.9277 108.633 70.1367 0 0 0 25.9277 108.633 70.1367 0 -42.9785 11.4258 -42.9785 11.4258 4277.37 
0 0 26.9824 108.809 70.0049 0 0 0 26.9824 108.809 70.0049 0 -42.6709 11.4697 -42.6709 11.4697 4284.12 
0 0 28.0371 108.984 69.873 0 0 0 28.0371 108.984 69.873 0 -42.4072 11.4697 -42.4072 11.4697 4290.4 
0 0 28.7842 109.16 69.6973 0 0 0 28.7842 109.16 69.6973 0 -42.0996 11.4697 -42.0996 11.4697 4297.11 
0 0 30.0146 109.336 69.4775 0 0 0 30.0146 109.336 69.4775 0 -41.8359 11.5137 -41.8359 11.5137 4303.38 
0 0 30.7617 109.512 69.3018 0 0 0 30.7617 109.512 69.3018 0 -41.5723 11.5137 -41.5723 11.5137 4310.34 
0 0 31.8604 109.688 69.1699 0 0 0 31.8604 109.688 69.1699 0 -41.3086 11.5137 -41.3086 11.5137 4317.08 
0 0 32.8711 109.907 68.9062 0 0 0 32.8711 109.907 68.9062 0 -41.001 11.5576 -41.001 11.5576 4323.39 
0 0 33.5742 110.127 68.7305 0 0 0 33.5742 110.127 68.7305 0 -40.7373 11.5576 -40.7373 11.5576 4330.11 
0 0 34.7607 110.259 68.5547 0 0 0 34.7607 110.259 68.5547 0 -40.5176 11.6016 -40.5176 11.6016 4337.09 
0 0 35.7275 110.479 68.291 0 0 0 35.7275 110.479 68.291 0 -40.2979 11.6016 -40.2979 11.6016 4343.36 
0 0 36.3867 110.654 68.1152 0 0 0 36.3867 110.654 68.1152 0 -40.0342 11.6455 -40.0342 11.6455 4350.16 
0 0 37.4854 110.83 67.8955 0 0 0 37.4854 110.83 67.8955 0 -39.8584 11.6895 -39.8584 11.6895 4356.43 
0 0 38.1445 110.962 67.6758 0 0 0 38.1445 110.962 67.6758 0 -39.6826 11.7334 -39.6826 11.7334 4363.09 
0 0 39.1992 111.182 67.4561 0 0 0 39.1992 111.182 67.4561 0 -39.5068 11.7773 -39.5068 11.7773 4369.36 
0 0 39.8145 111.357 67.2803 0 0 0 39.8145 111.357 67.2803 0 -39.375 11.7773 -39.375 11.7773 4376.07 
0 0 40.8691 111.489 66.9727 0 0 0 40.8691 111.489 66.9727 0 -39.2432 11.8652 -39.2432 11.8652 4382.36 
0 0 41.4844 111.665 66.7969 0 0 0 41.4844 111.665 66.7969 0 -39.0234 11.9531 -39.0234 11.9531 4389.08 
0 0 42.5391 111.841 66.5332 0 0 0 42.5391 111.841 66.5332 0 -38.8916 11.9971 -38.8916 11.9971 4395.35 
0 0 43.1543 112.017 66.2695 0 0 0 43.1543 112.017 66.2695 0 -38.7158 12.085 -38.7158 12.085 4402.07 
0 0 44.1211 112.148 66.0498 0 0 0 44.1211 112.148 66.0498 0 -38.4961 12.1729 -38.4961 12.1729 4408.34 
0 0 44.6924 112.324 65.6982 0 0 0 44.6924 112.324 65.6982 0 -38.3643 12.1729 -38.3643 12.1729 4415.08 
0 0 45.7031 112.456 65.4785 0 0 0 45.7031 112.456 65.4785 0 -38.1885 12.3486 -38.1885 12.3486 4421.47 
0 0 46.3184 112.588 65.1709 0 0 0 46.3184 112.588 65.1709 0 -38.0127 12.3926 -38.0127 12.3926 4428.15 
0 0 47.2852 112.676 64.8633 0 0 0 47.2852 112.676 64.8633 0 -37.8809 12.4365 -37.8809 12.4365 4434.35 
0 0 47.8125 112.764 64.5557 0 0 0 47.8125 112.764 64.5557 0 -37.7051 12.5684 -37.7051 12.5684 4441.07 
0 0 48.7793 112.852 64.248 0 0 0 48.7793 112.852 64.248 0 -37.5293 12.6562 -37.5293 12.6562 4447.36 
0 0 49.2627 112.939 63.8965 0 0 0 49.2627 112.939 63.8965 0 -37.3975 12.7881 -37.3975 12.7881 4454.07 
0 0 50.2295 113.027 63.5889 0 0 0 50.2295 113.027 63.5889 0 -37.1777 12.876 -37.1777 12.876 4460.35 
0 0 50.7129 113.115 63.2373 0 0 0 50.7129 113.115 63.2373 0 -37.0459 13.0518 -37.0459 13.0518 4467.05 
0 0 51.7236 113.203 62.8857 0 0 0 51.7236 113.203 62.8857 0 -36.8701 13.1836 -36.8701 13.1836 4473.33 
0 0 52.251 113.203 62.5342 0 0 0 52.251 113.203 62.5342 0 -36.7383 13.3154 -36.7383 13.3154 4480.04 
0 0 53.1299 113.203 62.1387 0 0 0 53.1299 113.203 62.1387 0 -36.5625 13.4912 -36.5625 13.4912 4486.36 
0 0 53.7012 113.247 61.7871 0 0 0 53.7012 113.247 61.7871 0 -36.3867 13.623 -36.3867 13.623 4493.05 
0 0 54.5801 113.291 61.4355 0 0 0 54.5801 113.291 61.4355 0 -36.2109 13.7109 -36.2109 13.7109 4499.34 
0 0 55.0635 113.291 61.084 0 0 0 55.0635 113.291 61.084 0 -36.0791 13.8867 -36.0791 13.8867 4506.07 
0 0 55.9424 113.247 60.7324 0 0 0 55.9424 113.247 60.7324 0 -35.8594 14.0186 -35.8594 14.0186 4512.32 
0 0 57.041 113.247 60.0732 0 0 0 57.041 113.247 60.0732 0 -35.5957 14.3262 -35.5957 14.3262 4523.2 
0 0 57.7002 113.203 59.7217 0 0 0 57.7002 113.203 59.7217 0 -35.4639 14.5459 -35.4639 14.5459 4529.41 
0 0 58.2275 113.247 59.4141 0 0 0 58.2275 113.247 59.4141 0 -35.2881 14.6338 -35.2881 14.6338 4536.35 
0 0 59.0625 113.203 59.0186 0 0 0 59.0625 113.203 59.0186 0 -35.1123 14.8096 -35.1123 14.8096 4543.04 
0 0 59.7656 113.159 58.623 0 0 0 59.7656 113.159 58.623 0 -34.9805 14.9854 -34.9805 14.9854 4549.35 
0 0 60.1611 113.071 58.2715 0 0 0 60.1611 113.071 58.2715 0 -34.8047 15.1172 -34.8047 15.1172 4556.03 
0 0 61.04 113.071 57.9639 0 0 0 61.04 113.071 57.9639 0 -34.6289 15.293 -34.6289 15.293 4562.33 
0 0 61.4795 113.027 57.6123 0 0 0 61.4795 113.027 57.6123 0 -34.541 15.5127 -34.541 15.5127 4569.03 
0 0 62.3145 112.983 57.2607 0 0 0 62.3145 112.983 57.2607 0 -34.3652 15.6445 -34.3652 15.6445 4575.33 
0 0 62.7539 112.983 56.9531 0 0 0 62.7539 112.983 56.9531 0 -34.2334 15.8203 -34.2334 15.8203 4582.02 
0 0 63.501 112.896 56.6016 0 0 0 63.501 112.896 56.6016 0 -34.1016 15.9961 -34.1016 15.9961 4588.3 
0 0 63.9404 112.896 56.2939 0 0 0 63.9404 112.896 56.2939 0 -33.9697 16.1279 -33.9697 16.1279 4595.02 
0 0 64.6875 112.808 55.9424 0 0 0 64.6875 112.808 55.9424 0 -33.7939 16.2598 -33.7939 16.2598 4601.31 
0 0 65.127 112.764 55.6348 0 0 0 65.127 112.764 55.6348 0 -33.6621 16.3916 -33.6621 16.3916 4608.01 
0 0 65.918 112.764 55.2832 0 0 0 65.918 112.764 55.2832 0 -33.5303 16.4795 -33.5303 16.4795 4614.31 
0 0 66.3574 112.676 55.0195 0 0 0 66.3574 112.676 55.0195 0 -33.3545 16.6113 -33.3545 16.6113 4621.03 
0 0 67.0605 112.676 54.7119 0 0 0 67.0605 112.676 54.7119 0 -33.2227 16.6992 -33.2227 16.6992 4627.41 
0 0 67.5 112.588 54.4043 0 0 0 67.5 112.588 54.4043 0 -33.1348 16.875 -33.1348 16.875 4634.02 
0 0 68.2031 112.544 54.0967 0 0 0 68.2031 112.544 54.0967 0 -33.0029 17.0068 -33.0029 17.0068 4640.3 
0 0 68.6426 112.456 53.833 0 0 0 68.6426 112.456 53.833 0 -32.915 17.1387 -32.915 17.1387 4647 
0 0 69.2578 112.412 53.5254 0 0 0 69.2578 112.412 53.5254 0 -32.7393 17.2705 -32.7393 17.2705 4653.28 
0 0 69.6533 112.324 53.1738 0 0 0 69.6533 112.324 53.1738 0 -32.6514 17.4023 -32.6514 17.4023 4659.99 
0 0 70.3564 112.236 52.9541 0 0 0 70.3564 112.236 52.9541 0 -32.5195 17.5342 -32.5195 17.5342 4666.28 
0 0 70.9277 112.148 52.6025 0 0 0 70.9277 112.148 52.6025 0 -32.3877 17.666 -32.3877 17.666 4673.17 
0 0 71.4551 112.061 52.3389 0 0 0 71.4551 112.061 52.3389 0 -32.2559 17.7979 -32.2559 17.7979 4679.36 
0 0 71.8506 111.973 52.0752 0 0 0 71.8506 111.973 52.0752 0 -32.168 17.9297 -32.168 17.9297 4686 
0 0 72.4219 111.885 51.8115 0 0 0 72.4219 111.885 51.8115 0 -32.0801 18.1055 -32.0801 18.1055 4692.24 
0 0 72.8174 111.753 51.5039 0 0 0 72.8174 111.753 51.5039 0 -31.9482 18.2373 -31.9482 18.2373 4698.99 
0 0 73.3447 111.665 51.2402 0 0 0 73.3447 111.665 51.2402 0 -31.8604 18.3691 -31.8604 18.3691 4705.27 
0 0 73.6523 111.577 50.9326 0 0 0 73.6523 111.577 50.9326 0 -31.7285 18.501 -31.7285 18.501 4711.98 
0 0 74.1797 111.401 50.7129 0 0 0 74.1797 111.401 50.7129 0 -31.6406 18.6768 -31.6406 18.6768 4718.28 
0 0 74.5312 111.357 50.4053 0 0 0 74.5312 111.357 50.4053 0 -31.5527 18.8086 -31.5527 18.8086 4724.97 
0 0 74.9268 111.182 50.1855 0 0 0 74.9268 111.182 50.1855 0 -31.4209 18.9404 -31.4209 18.9404 4731.28 
0 0 75.2783 111.094 49.9219 0 0 0 75.2783 111.094 49.9219 0 -31.333 19.1602 -31.333 19.1602 4737.97 
0 0 75.6738 110.962 49.7021 0 0 0 75.6738 110.962 49.7021 0 -31.2012 19.3359 -31.2012 19.3359 4744.26 
0 0 75.9375 110.83 49.3945 0 0 0 75.9375 110.83 49.3945 0 -31.1133 19.4678 -31.1133 19.4678 4750.98 
0 0 76.377 110.654 49.1309 0 0 0 76.377 110.654 49.1309 0 -30.9814 19.5996 -30.9814 19.5996 4757.27 
0 0 76.6846 110.522 48.9551 0 0 0 76.6846 110.522 48.9551 0 -30.8936 19.8193 -30.8936 19.8193 4763.99 
0 0 77.0361 110.391 48.7354 0 0 0 77.0361 110.391 48.7354 0 -30.8057 19.9512 -30.8057 19.9512 4770.5 
0 0 77.5635 110.083 48.252 0 0 0 77.5635 110.083 48.252 0 -30.6299 20.3906 -30.6299 20.3906 4784.08 
0 0 77.8271 109.951 48.0322 0 0 0 77.8271 109.951 48.0322 0 -30.542 20.5225 -30.542 20.5225 4790.36 
0 0 77.959 109.775 47.7686 0 0 0 77.959 109.775 47.7686 0 -30.4541 20.6982 -30.4541 20.6982 4797.05 
0 0 78.2666 109.6 47.6367 0 0 0 78.2666 109.6 47.6367 0 -30.4102 20.918 -30.4102 20.918 4803.68 
0 0 78.4424 109.468 47.373 0 0 0 78.4424 109.468 47.373 0 -30.3223 21.0938 -30.3223 21.0938 4812.01 
0 0 78.6621 109.292 47.1533 0 0 0 78.6621 109.292 47.1533 0 -30.2344 21.4014 -30.2344 21.4014 4818.96 
0 0 78.8379 109.072 46.9775 0 0 0 78.8379 109.072 46.9775 0 -30.1465 21.5771 -30.1465 21.5771 4825.98 
0 0 78.9697 108.984 46.7578 0 0 0 78.9697 108.984 46.7578 0 -30.0586 21.7529 -30.0586 21.7529 4832.24 
0 0 79.0137 108.809 46.626 0 0 0 79.0137 108.809 46.626 0 -29.9707 21.9287 -29.9707 21.9287 4838.93 
0 0 79.1895 108.633 46.4502 0 0 0 79.1895 108.633 46.4502 0 -29.9268 22.1045 -29.9268 22.1045 4845.23 
0 0 79.2773 108.457 46.3623 0 0 0 79.2773 108.457 46.3623 0 -29.8828 22.2803 -29.8828 22.2803 4851.94 
0 0 79.3213 108.325 46.1865 0 0 0 79.3213 108.325 46.1865 0 -29.7949 22.5 -29.7949 22.5 4858.23 
0 0 79.4531 108.149 46.0547 0 0 0 79.4531 108.149 46.0547 0 -29.7949 22.6318 -29.7949 22.6318 4864.94 
0 0 79.4971 107.974 45.9229 0 0 0 79.4971 107.974 45.9229 0 -29.707 22.8076 -29.707 22.8076 4871.23 
0 0 79.4971 107.842 45.835 0 0 0 79.4971 107.842 45.835 0 -29.6191 22.9834 -29.6191 22.9834 4877.92 
0 0 79.4971 107.666 45.7031 0 0 0 79.4971 107.666 45.7031 0 -29.5752 23.2031 -29.5752 23.2031 4884.21 
0 0 79.4971 107.446 45.6592 0 0 0 79.4971 107.446 45.6592 0 -29.5752 23.3789 -29.5752 23.3789 4890.93 
0 0 79.4971 107.358 45.4834 0 0 0 79.4971 107.358 45.4834 0 -29.5312 23.5547 -29.5312 23.5547 4897.2 
0 0 79.4971 107.183 45.3955 0 0 0 79.4971 107.183 45.3955 0 -29.5312 23.7305 -29.5312 23.7305 4903.9 
0 0 79.4971 107.051 45.3955 0 0 0 79.4971 107.051 45.3955 0 -29.4873 23.9062 -29.4873 23.9062 4910.19 
0 0 79.4971 106.831 45.3076 0 0 0 79.4971 106.831 45.3076 0 -29.4434 24.082 -29.4434 24.082 4916.29 
0 0 79.4971 106.743 45.2637 0 0 0 79.4971 106.743 45.2637 0 -29.3994 24.2578 -29.3994 24.2578 4922.91 
0 0 79.4971 106.611 45.1758 0 0 0 79.4971 106.611 45.1758 0 -29.3994 24.4336 -29.3994 24.4336 4929.2 
0 0 79.4971 106.436 45.1318 0 0 0 79.4971 106.436 45.1318 0 -29.3555 24.6094 -29.3555 24.6094 4935.9 
0 0 79.4971 106.348 45.0439 0 0 0 79.4971 106.348 45.0439 0 -29.3555 24.8291 -29.3555 24.8291 4942.2 
0 0 79.4971 106.216 45 0 0 0 79.4971 106.216 45 0 -29.3555 24.9609 -29.3555 24.9609 4948.92 
0 0 79.4531 106.084 44.9561 0 0 0 79.4531 106.084 44.9561 0 -29.3555 25.1367 -29.3555 25.1367 4955.23 
0 0 79.4531 105.996 44.9121 0 0 0 79.4531 105.996 44.9121 0 -29.3115 25.3125 -29.3115 25.3125 4962.02 
0 0 79.4531 105.864 44.8682 0 0 0 79.4531 105.864 44.8682 0 -29.2676 25.4883 -29.2676 25.4883 4968.91 
0 0 79.4531 105.776 44.7803 0 0 0 79.4531 105.776 44.7803 0 -29.3115 25.6641 -29.3115 25.6641 4975.23 
0 0 79.4092 105.645 44.8242 0 0 0 79.4092 105.645 44.8242 0 -29.2676 25.8398 -29.2676 25.8398 4981.92 
0 0 79.4092 105.557 44.7363 0 0 0 79.4092 105.557 44.7363 0 -29.2676 26.0156 -29.2676 26.0156 4988.2 
0 0 79.4092 105.469 44.7363 0 0 0 79.4092 105.469 44.7363 0 -29.2676 26.1914 -29.2676 26.1914 4994.9 
0 0 79.4092 105.381 44.7363 0 0 0 79.4092 105.381 44.7363 0 -29.2676 26.3232 -29.2676 26.3232 5001.18 
0 0 79.4092 105.337 44.7363 0 0 0 79.4092 105.337 44.7363 0 -29.2676 26.4551 -29.2676 26.4551 5007.9 
0 0 79.4092 105.249 44.7363 0 0 0 79.4092 105.249 44.7363 0 -29.2676 26.5869 -29.2676 26.5869 5014.2 
0 0 79.3652 105.161 44.7363 0 0 0 79.3652 105.161 44.7363 0 -29.2676 26.7627 -29.2676 26.7627 5020.9 
0 0 79.3652 105.117 44.7363 0 0 0 79.3652 105.117 44.7363 0 -29.2676 26.8506 -29.2676 26.8506 5027.18 
0 0 79.3652 105.073 44.7363 0 0 0 79.3652 105.073 44.7363 0 -29.2676 26.9824 -29.2676 26.9824 5033.89 
0 0 79.3652 105.073 44.7363 0 0 0 79.3652 105.073 44.7363 0 -29.2676 27.1143 -29.2676 27.1143 5040.23 
0 0 79.3652 104.985 44.7803 0 0 0 79.3652 104.985 44.7803 0 -29.2676 27.2021 -29.2676 27.2021 5046.98 
0 0 79.3652 104.941 44.7803 0 0 0 79.3652 104.941 44.7803 0 -29.2676 27.29 -29.2676 27.29 5053.17 
0 0 79.3652 104.941 44.7803 0 0 0 79.3652 104.941 44.7803 0 -29.2676 27.3779 -29.2676 27.3779 5059.89 
0 0 79.3652 104.941 44.8682 0 0 0 79.3652 104.941 44.8682 0 -29.2676 27.5098 -29.2676 27.5098 5066.18 
0 0 79.3652 104.854 44.8682 0 0 0 79.3652 104.854 44.8682 0 -29.2676 27.5537 -29.2676 27.5537 5072.88 
0 0 79.3652 104.854 44.9561 0 0 0 79.3652 104.854 44.9561 0 -29.2676 27.5977 -29.2676 27.5977 5079.19 
0 0 79.3652 104.854 44.9561 0 0 0 79.3652 104.854 44.9561 0 -29.2676 27.6855 -29.2676 27.6855 5085.87 
0 0 79.3652 104.854 45 0 0 0 79.3652 104.854 45 0 -29.2676 27.7295 -29.2676 27.7295 5092.15 
0 0 79.3213 104.854 45.0879 0 0 0 79.3213 104.854 45.0879 0 -29.2676 27.8174 -29.2676 27.8174 5098.86 
0 0 79.3652 104.854 45.1318 0 0 0 79.3652 104.854 45.1318 0 -29.2676 27.8174 -29.2676 27.8174 5105.17 
0 0 79.3652 104.854 45.1758 0 0 0 79.3652 104.854 45.1758 0 -29.2676 27.8174 -29.2676 27.8174 5112.04 
0 0 79.3652 104.854 45.2197 0 0 0 79.3652 104.854 45.2197 0 -29.2676 27.8613 -29.2676 27.8613 5118.87 
0 0 79.3652 104.854 45.2197 0 0 0 79.3652 104.854 45.2197 0 -29.2676 27.8613 -29.2676 27.8613 5125.14 
0 0 79.3652 104.854 45.3076 0 0 0 79.3652 104.854 45.3076 0 -29.2676 27.8613 -29.2676 27.8613 5131.86 
0 0 79.3652 104.854 45.3076 0 0 0 79.3652 104.854 45.3076 0 -29.2676 27.8613 -29.2676 27.8613 5138.13 
0 0 79.3652 104.854 45.3076 0 0 0 79.3652 104.854 45.3076 0 -29.2676 27.9053 -29.2676 27.9053 5144.85 
0 0 79.4092 104.854 45.3516 0 0 0 79.4092 104.854 45.3516 0 -29.2676 27.8613 -29.2676 27.8613 5151.13 
0 0 79.3652 104.854 45.3516 0 0 0 79.3652 104.854 45.3516 0 -29.2676 27.9053 -29.2676 27.9053 5157.86 
0 0 79.4092 104.854 45.4395 0 0 0 79.4092 104.854 45.4395 0 -29.2676 27.9053 -29.2676 27.9053 5164.12 
0 0 79.4092 104.854 45.4395 0 0 0 79.4092 104.854 45.4395 0 -29.2676 27.9492 -29.2676 27.9492 5170.84 
0 0 79.4531 104.854 45.4834 0 0 0 79.4531 104.854 45.4834 0 -29.2676 27.9492 -29.2676 27.9492 5177.13 
0 0 79.4092 104.854 45.4834 0 0 0 79.4092 104.854 45.4834 0 -29.2676 27.9932 -29.2676 27.9932 5183.84 
0 0 79.4531 104.854 45.5273 0 0 0 79.4531 104.854 45.5273 0 -29.2676 27.9932 -29.2676 27.9932 5190.15 
0 0 79.4531 104.854 45.5713 0 0 0 79.4531 104.854 45.5713 0 -29.2676 27.9492 -29.2676 27.9492 5196.84 
0 0 79.4092 104.897 45.5713 0 0 0 79.4092 104.897 45.5713 0 -29.2676 27.9492 -29.2676 27.9492 5203.13 
0 0 79.4531 104.854 45.6592 0 0 0 79.4531 104.854 45.6592 0 -29.2676 27.9492 -29.2676 27.9492 5209.85 
0 0 79.4971 104.854 45.6152 0 0 0 79.4971 104.854 45.6152 0 -29.2676 27.9492 -29.2676 27.9492 5216.12 
0 0 79.4531 104.897 45.6592 0 0 0 79.4531 104.897 45.6592 0 -29.3115 27.9053 -29.3115 27.9053 5222.85 
0 0 79.4531 104.897 45.7031 0 0 0 79.4531 104.897 45.7031 0 -29.2676 27.9053 -29.2676 27.9053 5229.11 
0 0 79.4971 104.897 45.7471 0 0 0 79.4971 104.897 45.7471 0 -29.2676 27.8613 -29.2676 27.8613 5235.82 
0 0 79.4971 104.897 45.7471 0 0 0 79.4971 104.897 45.7471 0 -29.2676 27.8613 -29.2676 27.8613 5242.11 
0 0 79.541 104.897 45.791 0 0 0 79.541 104.897 45.791 0 -29.2676 27.8613 -29.2676 27.8613 5248.82 
0 0 79.4971 104.897 45.791 0 0 0 79.4971 104.897 45.791 0 -29.2676 27.7734 -29.2676 27.7734 5255.14 
0 0 79.4971 104.897 45.835 0 0 0 79.4971 104.897 45.835 0 -29.2676 27.7734 -29.2676 27.7734 5261.86 
0 0 79.4971 104.941 45.835 0 0 0 79.4971 104.941 45.835 0 -29.2676 27.6855 -29.2676 27.6855 5268.14 
0 0 79.4971 104.941 45.8789 0 0 0 79.4971 104.941 45.8789 0 -29.2676 27.6416 -29.2676 27.6416 5274.83 
0 0 79.4531 104.985 45.9229 0 0 0 79.4531 104.985 45.9229 0 -29.2676 27.5977 -29.2676 27.5977 5281.12 
0 0 79.4971 104.985 45.9229 0 0 0 79.4971 104.985 45.9229 0 -29.2676 27.5098 -29.2676 27.5098 5287.83 
0 0 79.4531 104.985 45.9229 0 0 0 79.4531 104.985 45.9229 0 -29.2676 27.3779 -29.2676 27.3779 5294.11 
0 0 79.4531 104.985 45.9668 0 0 0 79.4531 104.985 45.9668 0 -29.2676 27.334 -29.2676 27.334 5300.8 
0 0 79.4531 104.985 45.9668 0 0 0 79.4531 104.985 45.9668 0 -29.2676 27.2461 -29.2676 27.2461 5307.09 
0 0 79.4531 105.029 46.0107 0 0 0 79.4531 105.029 46.0107 0 -29.3115 27.1143 -29.3115 27.1143 5313.81 
0 0 79.4092 104.985 46.0547 0 0 0 79.4092 104.985 46.0547 0 -29.2676 27.0264 -29.2676 27.0264 5320.1 
0 0 79.4092 104.985 46.0547 0 0 0 79.4092 104.985 46.0547 0 -29.2676 26.9385 -29.2676 26.9385 5326.79 
0 0 79.4092 104.985 46.0547 0 0 0 79.4092 104.985 46.0547 0 -29.2676 26.8066 -29.2676 26.8066 5333.08 
0 0 79.3652 104.985 46.0547 0 0 0 79.3652 104.985 46.0547 0 -29.2676 26.6748 -29.2676 26.6748 5339.79 
0 0 79.3652 104.941 46.0547 0 0 0 79.3652 104.941 46.0547 0 -29.2676 26.6309 -29.2676 26.6309 5346.11 
0 0 79.3652 104.985 46.0986 0 0 0 79.3652 104.985 46.0986 0 -29.2676 26.499 -29.2676 26.499 5352.79 
0 0 79.3213 104.941 46.1426 0 0 0 79.3213 104.941 46.1426 0 -29.2676 26.4111 -29.2676 26.4111 5359.09 
0 0 79.3213 104.985 46.1426 0 0 0 79.3213 104.985 46.1426 0 -29.2676 26.3672 -29.2676 26.3672 5365.82 
0 0 79.3213 104.985 46.1426 0 0 0 79.3213 104.985 46.1426 0 -29.2676 26.2793 -29.2676 26.2793 5372.09 
0 0 79.2334 104.985 46.1426 0 0 0 79.2334 104.985 46.1426 0 -29.2676 26.2354 -29.2676 26.2354 5378.79 
0 0 79.2334 104.985 46.1426 0 0 0 79.2334 104.985 46.1426 0 -29.2676 26.1914 -29.2676 26.1914 5385.08 
0 0 79.2334 104.985 46.1865 0 0 0 79.2334 104.985 46.1865 0 -29.2676 26.1475 -29.2676 26.1475 5391.79 
0 0 79.1455 104.985 46.1865 0 0 0 79.1455 104.985 46.1865 0 -29.2676 26.1035 -29.2676 26.1035 5398.08 
0 0 79.1895 104.985 46.1426 0 0 0 79.1895 104.985 46.1426 0 -29.2676 26.1035 -29.2676 26.1035 5404.79 
0 0 79.1895 104.985 46.1426 0 0 0 79.1895 104.985 46.1426 0 -29.2676 26.1035 -29.2676 26.1035 5411.06 
0 0 79.1016 104.985 46.1426 0 0 0 79.1016 104.985 46.1426 0 -29.2676 26.1914 -29.2676 26.1914 5417.15 
0 0 79.1455 104.985 46.1426 0 0 0 79.1455 104.985 46.1426 0 -29.2676 26.1475 -29.2676 26.1475 5423.8 
0 0 79.1016 104.985 46.1426 0 0 0 79.1016 104.985 46.1426 0 -29.2676 26.1475 -29.2676 26.1475 5430.06 
0 0 79.1016 104.985 46.1426 0 0 0 79.1016 104.985 46.1426 0 -29.2676 26.1035 -29.2676 26.1035 5436.15 
0 0 79.1895 104.985 46.0986 0 0 0 79.1895 104.985 46.0986 0 -29.2676 26.1475 -29.2676 26.1475 5442.79 
0 0 79.1455 104.985 46.0986 0 0 0 79.1455 104.985 46.0986 0 -29.2676 26.1475 -29.2676 26.1475 5449.07 
0 0 79.1895 104.985 46.0547 0 0 0 79.1895 104.985 46.0547 0 -29.2676 26.1475 -29.2676 26.1475 5455.78 
0 0 79.1895 104.985 46.0547 0 0 0 79.1895 104.985 46.0547 0 -29.2676 26.1475 -29.2676 26.1475 5462.15 
0 0 79.1455 104.985 46.0107 0 0 0 79.1455 104.985 46.0107 0 -29.2236 26.0156 -29.2236 26.0156 5468.86 
0 0 79.1895 104.985 46.0107 0 0 0 79.1895 104.985 46.0107 0 -29.2236 25.9277 -29.2236 25.9277 5475.06 
0 0 79.1455 104.985 46.0107 0 0 0 79.1455 104.985 46.0107 0 -29.2676 25.9717 -29.2676 25.9717 5481.75 
0 0 79.0576 104.941 46.0107 0 0 0 79.0576 104.941 46.0107 0 -29.2236 25.9717 -29.2236 25.9717 5488.08 
0 0 79.0137 104.941 46.0107 0 0 0 79.0137 104.941 46.0107 0 -29.2236 25.9277 -29.2236 25.9277 5494.76 
0 0 78.9697 104.941 45.9668 0 0 0 78.9697 104.941 45.9668 0 -29.2236 25.9277 -29.2236 25.9277 5501.03 
0 0 78.9258 104.941 46.0107 0 0 0 78.9258 104.941 46.0107 0 -29.2236 25.9717 -29.2236 25.9717 5507.75 
0 0 78.9697 104.897 45.9668 0 0 0 78.9697 104.897 45.9668 0 -29.1797 26.1035 -29.1797 26.1035 5514.03 
0 0 79.0137 104.897 45.9668 0 0 0 79.0137 104.897 45.9668 0 -29.1797 26.1475 -29.1797 26.1475 5520.73 
0 0 79.0137 104.897 45.9229 0 0 0 79.0137 104.897 45.9229 0 -29.1357 26.1475 -29.1357 26.1475 5527.04 
0 0 79.0137 104.897 45.9229 0 0 0 79.0137 104.897 45.9229 0 -29.0918 26.1914 -29.0918 26.1914 5533.73 
0 0 79.0137 104.897 45.9229 0 0 0 79.0137 104.897 45.9229 0 -29.0918 26.1914 -29.0918 26.1914 5540.12 
0 0 79.0576 104.897 45.9229 0 0 0 79.0576 104.897 45.9229 0 -29.0479 26.1475 -29.0479 26.1475 5546.82 
0 0 79.0576 104.897 45.8789 0 0 0 79.0576 104.897 45.8789 0 -29.0479 26.2354 -29.0479 26.2354 5553.1 
0 0 79.0576 104.897 45.835 0 0 0 79.0576 104.897 45.835 0 -29.0039 26.1914 -29.0039 26.1914 5559.75 
0 0 79.0137 104.897 45.8789 0 0 0 79.0137 104.897 45.8789 0 -29.0039 26.1914 -29.0039 26.1914 5566.02 
0 0 79.0137 104.897 45.8789 0 0 0 79.0137 104.897 45.8789 0 -28.96 26.2354 -28.96 26.2354 5572.72 
0 0 78.9697 104.941 45.8789 0 0 0 78.9697 104.941 45.8789 0 -28.916 26.2354 -28.916 26.2354 5579.01 
0 0 78.9258 104.941 45.8789 0 0 0 78.9258 104.941 45.8789 0 -28.916 26.1914 -28.916 26.1914 5585.72 
0 0 78.9258 104.897 45.8789 0 0 0 78.9258 104.897 45.8789 0 -28.8721 26.1914 -28.8721 26.1914 5592 
0 0 78.8818 104.897 45.9229 0 0 0 78.8818 104.897 45.9229 0 -28.8281 26.2354 -28.8281 26.2354 5598.71 
0 0 78.8818 104.897 45.9229 0 0 0 78.8818 104.897 45.9229 0 -28.8281 26.2354 -28.8281 26.2354 5605 
0 0 78.8818 104.897 45.9229 0 0 0 78.8818 104.897 45.9229 0 -28.7842 26.2354 -28.7842 26.2354 5611.08 
0 0 78.8818 104.897 45.8789 0 0 0 78.8818 104.897 45.8789 0 -28.7402 26.2793 -28.7402 26.2793 5617.73 
0 0 78.8818 104.941 45.9229 0 0 0 78.8818 104.941 45.9229 0 -28.6963 26.2793 -28.6963 26.2793 5624.01 
0 0 78.8818 104.941 45.9229 0 0 0 78.8818 104.941 45.9229 0 -28.6523 26.3672 -28.6523 26.3672 5630.71 
0 0 78.8818 104.941 45.9229 0 0 0 78.8818 104.941 45.9229 0 -28.6084 26.3232 -28.6084 26.3232 5637.01 
0 0 78.8818 104.941 45.8789 0 0 0 78.8818 104.941 45.8789 0 -28.5205 26.3672 -28.5205 26.3672 5643.88 
0 0 78.8818 104.941 45.9229 0 0 0 78.8818 104.941 45.9229 0 -28.4326 26.3232 -28.4326 26.3232 5650.08 
0 0 78.8818 104.941 45.8789 0 0 0 78.8818 104.941 45.8789 0 -28.3447 26.499 -28.3447 26.499 5656.79 
0 0 78.9258 104.941 45.835 0 0 0 78.9258 104.941 45.835 0 -28.2568 26.5869 -28.2568 26.5869 5663.08 
0 0 78.8818 104.941 45.835 0 0 0 78.8818 104.941 45.835 0 -28.1689 26.5869 -28.1689 26.5869 5669.78 
0 0 78.8818 104.941 45.8789 0 0 0 78.8818 104.941 45.8789 0 -28.0811 26.6309 -28.0811 26.6309 5675.99 
0 0 78.8818 104.941 45.835 0 0 0 78.8818 104.941 45.835 0 -27.9932 26.6309 -27.9932 26.6309 5682.7 
0 0 78.8818 104.985 45.835 0 0 0 78.8818 104.985 45.835 0 -27.9053 26.7188 -27.9053 26.7188 5688.98 
0 0 78.8818 104.941 45.835 0 0 0 78.8818 104.941 45.835 0 -27.7734 26.7188 -27.7734 26.7188 5695.68 
0 0 78.8818 104.941 45.9229 0 0 0 78.8818 104.941 45.9229 0 -27.6855 26.7627 -27.6855 26.7627 5701.98 
0 0 78.8818 104.941 45.8789 0 0 0 78.8818 104.941 45.8789 0 -27.5977 26.7627 -27.5977 26.7627 5708.68 
0 0 78.8818 104.941 45.8789 0 0 0 78.8818 104.941 45.8789 0 -27.4658 26.7188 -27.4658 26.7188 5714.96 
0 0 78.8818 104.941 45.835 0 0 0 78.8818 104.941 45.835 0 -27.334 26.7188 -27.334 26.7188 5721.69 
0 0 78.8818 104.941 45.8789 0 0 0 78.8818 104.941 45.8789 0 -27.2461 26.7627 -27.2461 26.7627 5727.97 
0 0 78.8818 104.941 45.835 0 0 0 78.8818 104.941 45.835 0 -27.1143 26.7627 -27.1143 26.7627 5734.67 
0 0 78.8818 104.941 45.835 0 0 0 78.8818 104.941 45.835 0 -26.9824 26.8066 -26.9824 26.8066 5740.99 
0 0 78.8818 104.941 45.8789 0 0 0 78.8818 104.941 45.8789 0 -26.8945 26.8066 -26.8945 26.8066 5747.68 
0 0 78.8818 104.941 45.8789 0 0 0 78.8818 104.941 45.8789 0 -26.8066 26.8506 -26.8066 26.8506 5753.96 
0 0 78.8818 104.941 45.8789 0 0 0 78.8818 104.941 45.8789 0 -26.6748 26.8066 -26.6748 26.8066 5760.69 
0 0 78.8818 104.941 45.8789 0 0 0 78.8818 104.941 45.8789 0 -26.543 26.8506 -26.543 26.8506 5766.97 
0 0 78.8818 104.941 45.9229 0 0 0 78.8818 104.941 45.9229 0 -26.4551 26.7627 -26.4551 26.7627 5773.66 
0 0 78.8818 104.941 45.8789 0 0 0 78.8818 104.941 45.8789 0 -26.3672 26.8066 -26.3672 26.8066 5779.95 
0 0 78.8818 104.941 45.8789 0 0 0 78.8818 104.941 45.8789 0 -26.2354 26.8066 -26.2354 26.8066 5786.04 
0 0 78.8818 104.897 45.8789 0 0 0 78.8818 104.897 45.8789 0 -26.1475 26.7627 -26.1475 26.7627 5792.66 
0 0 78.8818 104.941 45.8789 0 0 0 78.8818 104.941 45.8789 0 -26.0596 26.8506 -26.0596 26.8506 5798.95 
0 0 78.8818 104.941 45.8789 0 0 0 78.8818 104.941 45.8789 0 -25.9717 26.8066 -25.9717 26.8066 5805.02 
0 0 78.8818 104.854 45.8789 0 0 0 78.8818 104.854 45.8789 0 -25.8398 26.8066 -25.8398 26.8066 5811.65 
0 0 78.8818 104.854 45.835 0 0 0 78.8818 104.854 45.835 0 -25.752 26.8506 -25.752 26.8506 5817.94 
0 0 78.8818 104.897 45.835 0 0 0 78.8818 104.897 45.835 0 -25.6641 26.8506 -25.6641 26.8506 5824.65 
0 0 78.8818 104.81 45.835 0 0 0 78.8818 104.81 45.835 0 -25.5322 26.8066 -25.5322 26.8066 5830.94 
0 0 78.8818 104.81 45.835 0 0 0 78.8818 104.81 45.835 0 -25.4443 26.8506 -25.4443 26.8506 5837.04 
0 0 78.8818 104.81 45.791 0 0 0 78.8818 104.81 45.791 0 -25.3564 26.8066 -25.3564 26.8066 5843.68 
0 0 78.8818 104.81 45.791 0 0 0 78.8818 104.81 45.791 0 -25.2686 26.8506 -25.2686 26.8506 5849.95 
0 0 78.8818 104.81 45.791 0 0 0 78.8818 104.81 45.791 0 -25.1807 26.8066 -25.1807 26.8066 5856.68 
0 0 78.8818 104.81 45.791 0 0 0 78.8818 104.81 45.791 0 -25.0488 26.8066 -25.0488 26.8066 5862.96 
0 0 78.8818 104.766 45.791 0 0 0 78.8818 104.766 45.791 0 -25.0049 26.8506 -25.0049 26.8506 5869.66 
0 0 78.8818 104.766 45.7471 0 0 0 78.8818 104.766 45.7471 0 -24.917 26.8506 -24.917 26.8506 5875.93 
0 0 78.8818 104.766 45.7471 0 0 0 78.8818 104.766 45.7471 0 -24.7852 26.8506 -24.7852 26.8506 5882.65 
0 0 78.8818 104.722 45.7031 0 0 0 78.8818 104.722 45.7031 0 -24.6533 26.8506 -24.6533 26.8506 5888.93 
0 0 78.8818 104.722 45.7031 0 0 0 78.8818 104.722 45.7031 0 -24.5654 26.8066 -24.5654 26.8066 5895.65 
0 0 78.8818 104.722 45.7031 0 0 0 78.8818 104.722 45.7031 0 -24.4775 26.8506 -24.4775 26.8506 5901.93 
0 0 78.8818 104.722 45.7031 0 0 0 78.8818 104.722 45.7031 0 -24.3896 26.8506 -24.3896 26.8506 5908.63 
0 0 78.8818 104.722 45.7031 0 0 0 78.8818 104.722 45.7031 0 -24.3018 26.8066 -24.3018 26.8066 5914.96 
0 0 78.8818 104.722 45.7031 0 0 0 78.8818 104.722 45.7031 0 -24.2139 26.8066 -24.2139 26.8066 5921.65 
0 0 78.8818 104.722 45.7031 0 0 0 78.8818 104.722 45.7031 0 -24.126 26.7627 -24.126 26.7627 5927.92 
0 0 78.8379 104.722 45.6592 0 0 0 78.8379 104.722 45.6592 0 -24.0381 26.8066 -24.0381 26.8066 5934.62 
0 0 78.8818 104.722 45.6592 0 0 0 78.8818 104.722 45.6592 0 -23.9502 26.8506 -23.9502 26.8506 5940.93 
0 0 78.8818 104.722 45.6592 0 0 0 78.8818 104.722 45.6592 0 -23.8623 26.8506 -23.8623 26.8506 5947.64 
0 0 78.8818 104.722 45.6592 0 0 0 78.8818 104.722 45.6592 0 -23.7744 26.8506 -23.7744 26.8506 5954 
0 0 78.8818 104.722 45.6592 0 0 0 78.8818 104.722 45.6592 0 -23.6865 26.8506 -23.6865 26.8506 5960.65 
0 0 78.8818 104.722 45.6592 0 0 0 78.8818 104.722 45.6592 0 -23.5986 26.8506 -23.5986 26.8506 5966.9 
0 0 78.8818 104.722 45.6592 0 0 0 78.8818 104.722 45.6592 0 -23.5986 26.8506 -23.5986 26.8506 7366.9 
